Vertex Count: 144

Data:

49.6902 0 50.0685 0.4626 0.2648 0 -1 0
-50.3098 0 50.0685 0.4626 0.7812 0 -1 0
-50.3098 0 46.0685 0.4419 0.7812 0 -1 0
-50.3098 0 46.0685 0.4419 0.7812 0 -1 0
49.6902 0 46.0685 0.4419 0.2648 0 -1 0
49.6902 0 50.0685 0.4626 0.2648 0 -1 0
49.6902 40 50.0685 0.4176 0.2648 0 1 0
49.6902 40 46.0685 0.4383 0.2648 0 1 0
-50.3098 40 46.0685 0.4383 0.7812 0 1 0
-50.3098 40 46.0685 0.4383 0.7812 0 1 0
-50.3098 40 50.0685 0.4176 0.7812 0 1 0
49.6902 40 50.0685 0.4176 0.2648 0 1 0
49.6902 40 46.0685 0.5218 0.00230002 0 0 -1
49.6902 0 46.0685 0.5218 0.2089 0 0 -1
-50.3098 0 46.0685 0.0054 0.2089 0 0 -1
-50.3098 0 46.0685 0.0054 0.2089 0 0 -1
-50.3098 40 46.0685 0.0054 0.00230002 0 0 -1
49.6902 40 46.0685 0.5218 0.00230002 0 0 -1
49.6902 40 50.0685 0.3546 0.2173 1 0 0
49.6902 0 50.0685 0.5612 0.2173 1 0 0
49.6902 0 46.0685 0.5612 0.238 1 0 0
49.6902 0 46.0685 0.5612 0.238 1 0 0
49.6902 40 46.0685 0.3546 0.238 1 0 0
49.6902 40 50.0685 0.3546 0.2173 1 0 0
-50.3098 40 50.0685 0.2091 0.2648 0 0 1
-50.3098 0 50.0685 0.4157 0.2648 0 0 1
49.6902 0 50.0685 0.4157 0.7812 0 0 1
49.6902 0 50.0685 0.4157 0.7812 0 0 1
49.6902 40 50.0685 0.2091 0.7812 0 0 1
-50.3098 40 50.0685 0.2091 0.2648 0 0 1
-50.3098 40 46.0685 0.9977 0.2525 -1 0 0
-50.3098 0 46.0685 0.7911 0.2525 -1 0 0
-50.3098 0 50.0685 0.7911 0.2319 -1 0 0
-50.3098 0 50.0685 0.7911 0.2319 -1 0 0
-50.3098 40 50.0685 0.9977 0.2319 -1 0 0
-50.3098 40 46.0685 0.9977 0.2525 -1 0 0
45.6221 0 46.4706 0.9995 0.3253 0 -1 0
45.6221 -0 -45.5294 0.5244 0.3253 0 -1 0
49.6221 -0 -45.5294 0.5244 0.3046 0 -1 0
49.6221 -0 -45.5294 0.5244 0.3046 0 -1 0
49.6221 0 46.4706 0.9995 0.3046 0 -1 0
45.6221 0 46.4706 0.9995 0.3253 0 -1 0
45.6221 40 46.4706 0.5244 0.3738 0 1 0
49.6221 40 46.4706 0.5244 0.3531 0 1 0
49.6221 40 -45.5294 0.9995 0.3531 0 1 0
49.6221 40 -45.5294 0.9995 0.3531 0 1 0
45.6221 40 -45.5294 0.9995 0.3738 0 1 0
45.6221 40 46.4706 0.5244 0.3738 0 1 0
49.6221 40 46.4706 0.9995 0.3758 1 0 0
49.6221 0 46.4706 0.9995 0.5824 1 0 0
49.6221 -0 -45.5294 0.5244 0.5824 1 0 0
49.6221 -0 -45.5294 0.5244 0.5824 1 0 0
49.6221 40 -45.5294 0.5244 0.3758 1 0 0
49.6221 40 46.4706 0.9995 0.3758 1 0 0
45.6221 40 46.4706 0.5729 0.2561 0 0 1
45.6221 0 46.4706 0.7794 0.2561 0 0 1
49.6221 0 46.4706 0.7794 0.2768 0 0 1
49.6221 0 46.4706 0.7794 0.2768 0 0 1
49.6221 40 46.4706 0.5729 0.2768 0 0 1
45.6221 40 46.4706 0.5729 0.2561 0 0 1
45.6221 40 -45.5294 0.9995 0.7929 -1 0 0
45.6221 -0 -45.5294 0.9995 0.9995 -1 0 0
45.6221 0 46.4706 0.5244 0.9995 -1 0 0
45.6221 0 46.4706 0.5244 0.9995 -1 0 0
45.6221 40 46.4706 0.5244 0.7929 -1 0 0
45.6221 40 -45.5294 0.9995 0.7929 -1 0 0
49.6221 40 -45.5294 0.7911 0.2561 0 0 -1
49.6221 -0 -45.5294 0.9977 0.2561 0 0 -1
45.6221 -0 -45.5294 0.9977 0.2768 0 0 -1
45.6221 -0 -45.5294 0.9977 0.2768 0 0 -1
45.6221 40 -45.5294 0.7911 0.2768 0 0 -1
49.6221 40 -45.5294 0.7911 0.2561 0 0 -1
49.6902 -0 -45.4062 0.5111 0.2648 0 -1 0
-50.3098 -0 -45.4062 0.5111 0.7812 0 -1 0
-50.3098 -0 -49.4062 0.4904 0.7812 0 -1 0
-50.3098 -0 -49.4062 0.4904 0.7812 0 -1 0
49.6902 -0 -49.4062 0.4904 0.2648 0 -1 0
49.6902 -0 -45.4062 0.5111 0.2648 0 -1 0
49.6902 40 -45.4062 0.4661 0.2648 0 1 0
49.6902 40 -49.4062 0.4868 0.2648 0 1 0
-50.3098 40 -49.4062 0.4868 0.7812 0 1 0
-50.3098 40 -49.4062 0.4868 0.7812 0 1 0
-50.3098 40 -45.4062 0.4661 0.7812 0 1 0
49.6902 40 -45.4062 0.4661 0.2648 0 1 0
49.6902 40 -49.4062 0.0005 0.2745 0 0 -1
49.6902 -0 -49.4062 0.2071 0.2745 0 0 -1
-50.3098 -0 -49.4062 0.2071 0.7909 0 0 -1
-50.3098 -0 -49.4062 0.2071 0.7909 0 0 -1
-50.3098 40 -49.4062 0.0005 0.7909 0 0 -1
49.6902 40 -49.4062 0.0005 0.2745 0 0 -1
49.6902 40 -45.4062 0.1363 0.2416 1 0 0
49.6902 -0 -45.4062 0.3429 0.2416 1 0 0
49.6902 -0 -49.4062 0.3429 0.2622 1 0 0
49.6902 -0 -49.4062 0.3429 0.2622 1 0 0
49.6902 40 -49.4062 0.1363 0.2622 1 0 0
49.6902 40 -45.4062 0.1363 0.2416 1 0 0
-50.3098 40 -45.4062 0.5218 0.7929 0 0 1
-50.3098 -0 -45.4062 0.5218 0.9995 0 0 1
49.6902 -0 -45.4062 0.0054 0.9995 0 0 1
49.6902 -0 -45.4062 0.0054 0.9995 0 0 1
49.6902 40 -45.4062 0.0054 0.7929 0 0 1
-50.3098 40 -45.4062 0.5218 0.7929 0 0 1
-50.3098 40 -49.4062 0.1363 0.2173 -1 0 0
-50.3098 -0 -49.4062 0.3429 0.2173 -1 0 0
-50.3098 -0 -45.4062 0.3429 0.238 -1 0 0
-50.3098 -0 -45.4062 0.3429 0.238 -1 0 0
-50.3098 40 -45.4062 0.1363 0.238 -1 0 0
-50.3098 40 -49.4062 0.1363 0.2173 -1 0 0
-50.1351 0 46.4706 0.9995 0.3495 0 -1 0
-50.1351 -0 -45.5294 0.5244 0.3495 0 -1 0
-46.1351 -0 -45.5294 0.5244 0.3289 0 -1 0
-46.1351 -0 -45.5294 0.5244 0.3289 0 -1 0
-46.1351 0 46.4706 0.9995 0.3289 0 -1 0
-50.1351 0 46.4706 0.9995 0.3495 0 -1 0
-50.1351 40 46.4706 0.5244 0.301 0 1 0
-46.1351 40 46.4706 0.5244 0.2804 0 1 0
-46.1351 40 -45.5294 0.9995 0.2804 0 1 0
-46.1351 40 -45.5294 0.9995 0.2804 0 1 0
-50.1351 40 -45.5294 0.9995 0.301 0 1 0
-50.1351 40 46.4706 0.5244 0.301 0 1 0
-46.1351 40 46.4706 0.9995 0.00230002 1 0 0
-46.1351 0 46.4706 0.9995 0.2089 1 0 0
-46.1351 -0 -45.5294 0.5244 0.2089 1 0 0
-46.1351 -0 -45.5294 0.5244 0.2089 1 0 0
-46.1351 40 -45.5294 0.5244 0.00230002 1 0 0
-46.1351 40 46.4706 0.9995 0.00230002 1 0 0
-50.1351 40 46.4706 0.5729 0.2319 0 0 1
-50.1351 0 46.4706 0.7794 0.2319 0 0 1
-46.1351 0 46.4706 0.7794 0.2525 0 0 1
-46.1351 0 46.4706 0.7794 0.2525 0 0 1
-46.1351 40 46.4706 0.5729 0.2525 0 0 1
-50.1351 40 46.4706 0.5729 0.2319 0 0 1
-50.1351 40 -45.5294 0.5244 0.7909 -1 0 0
-50.1351 -0 -45.5294 0.5244 0.5843 -1 0 0
-50.1351 0 46.4706 0.9995 0.5843 -1 0 0
-50.1351 0 46.4706 0.9995 0.5843 -1 0 0
-50.1351 40 46.4706 0.9995 0.7909 -1 0 0
-50.1351 40 -45.5294 0.5244 0.7909 -1 0 0
-46.1351 40 -45.5294 0.3546 0.2416 0 0 -1
-46.1351 -0 -45.5294 0.5612 0.2416 0 0 -1
-50.1351 -0 -45.5294 0.5612 0.2622 0 0 -1
-50.1351 -0 -45.5294 0.5612 0.2622 0 0 -1
-50.1351 40 -45.5294 0.3546 0.2622 0 0 -1
-46.1351 40 -45.5294 0.3546 0.2416 0 0 -1
