Vertex Count: 96

Data:

-25 40.0963 25 0.25 0.75 0 -1 0
-25 40.0963 50 0.25 1 0 -1 0
-50 40.0963 50 0 1 0 -1 0
-50 40.0963 50 0 1 0 -1 0
-50 40.0963 25 0 0.75 0 -1 0
-25 40.0963 25 0.25 0.75 0 -1 0
0 40.0963 25 0.5 0.75 0 -1 0
0 40.0963 50 0.5 1 0 -1 0
-25 40.0963 50 0.25 1 0 -1 0
-25 40.0963 50 0.25 1 0 -1 0
-25 40.0963 25 0.25 0.75 0 -1 0
0 40.0963 25 0.5 0.75 0 -1 0
25 40.0963 25 0.75 0.75 0 -1 0
25 40.0963 50 0.75 1 0 -1 0
0 40.0963 50 0.5 1 0 -1 0
0 40.0963 50 0.5 1 0 -1 0
0 40.0963 25 0.5 0.75 0 -1 0
25 40.0963 25 0.75 0.75 0 -1 0
50 40.0963 25 1 0.75 0 -1 0
50 40.0963 50 1 1 0 -1 0
25 40.0963 50 0.75 1 0 -1 0
25 40.0963 50 0.75 1 0 -1 0
25 40.0963 25 0.75 0.75 0 -1 0
50 40.0963 25 1 0.75 0 -1 0
-25 40.0963 0 0.25 0.5 0 -1 0
-25 40.0963 25 0.25 0.75 0 -1 0
-50 40.0963 25 0 0.75 0 -1 0
-50 40.0963 25 0 0.75 0 -1 0
-50 40.0963 0 0 0.5 0 -1 0
-25 40.0963 0 0.25 0.5 0 -1 0
0 40.0963 0 0.5 0.5 0 -1 0
0 40.0963 25 0.5 0.75 0 -1 0
-25 40.0963 25 0.25 0.75 0 -1 0
-25 40.0963 25 0.25 0.75 0 -1 0
-25 40.0963 0 0.25 0.5 0 -1 0
0 40.0963 0 0.5 0.5 0 -1 0
25 40.0963 0 0.75 0.5 0 -1 0
25 40.0963 25 0.75 0.75 0 -1 0
0 40.0963 25 0.5 0.75 0 -1 0
0 40.0963 25 0.5 0.75 0 -1 0
0 40.0963 0 0.5 0.5 0 -1 0
25 40.0963 0 0.75 0.5 0 -1 0
50 40.0963 0 1 0.5 0 -1 0
50 40.0963 25 1 0.75 0 -1 0
25 40.0963 25 0.75 0.75 0 -1 0
25 40.0963 25 0.75 0.75 0 -1 0
25 40.0963 0 0.75 0.5 0 -1 0
50 40.0963 0 1 0.5 0 -1 0
-25 40.0963 -25 0.25 0.25 0 -1 0
-25 40.0963 0 0.25 0.5 0 -1 0
-50 40.0963 0 0 0.5 0 -1 0
-50 40.0963 0 0 0.5 0 -1 0
-50 40.0963 -25 0 0.25 0 -1 0
-25 40.0963 -25 0.25 0.25 0 -1 0
0 40.0963 -25 0.5 0.25 0 -1 0
0 40.0963 0 0.5 0.5 0 -1 0
-25 40.0963 0 0.25 0.5 0 -1 0
-25 40.0963 0 0.25 0.5 0 -1 0
-25 40.0963 -25 0.25 0.25 0 -1 0
0 40.0963 -25 0.5 0.25 0 -1 0
25 40.0963 -25 0.75 0.25 0 -1 0
25 40.0963 0 0.75 0.5 0 -1 0
0 40.0963 0 0.5 0.5 0 -1 0
0 40.0963 0 0.5 0.5 0 -1 0
0 40.0963 -25 0.5 0.25 0 -1 0
25 40.0963 -25 0.75 0.25 0 -1 0
50 40.0963 -25 1 0.25 0 -1 0
50 40.0963 0 1 0.5 0 -1 0
25 40.0963 0 0.75 0.5 0 -1 0
25 40.0963 0 0.75 0.5 0 -1 0
25 40.0963 -25 0.75 0.25 0 -1 0
50 40.0963 -25 1 0.25 0 -1 0
-25 40.0963 -50 0.25 0 0 -1 0
-25 40.0963 -25 0.25 0.25 0 -1 0
-50 40.0963 -25 0 0.25 0 -1 0
-50 40.0963 -25 0 0.25 0 -1 0
-50 40.0963 -50 0 0 0 -1 0
-25 40.0963 -50 0.25 0 0 -1 0
0 40.0963 -50 0.5 0 0 -1 0
0 40.0963 -25 0.5 0.25 0 -1 0
-25 40.0963 -25 0.25 0.25 0 -1 0
-25 40.0963 -25 0.25 0.25 0 -1 0
-25 40.0963 -50 0.25 0 0 -1 0
0 40.0963 -50 0.5 0 0 -1 0
25 40.0963 -50 0.75 0 0 -1 0
25 40.0963 -25 0.75 0.25 0 -1 0
0 40.0963 -25 0.5 0.25 0 -1 0
0 40.0963 -25 0.5 0.25 0 -1 0
0 40.0963 -50 0.5 0 0 -1 0
25 40.0963 -50 0.75 0 0 -1 0
50 40.0963 -50 1 0 0 -1 0
50 40.0963 -25 1 0.25 0 -1 0
25 40.0963 -25 0.75 0.25 0 -1 0
25 40.0963 -25 0.75 0.25 0 -1 0
25 40.0963 -50 0.75 0 0 -1 0
50 40.0963 -50 1 0 0 -1 0
