Vertex Count: 612

Data:

37.1387 14.5092 41.0447 0.1923 0.9961 0 0.0001 0.01
37.1387 1.0759 41.0447 0.0039 0.9961 0 0 0.01
44.8122 1.0759 41.0447 0.0039 0.8885 0 0 0.01
44.8122 1.0759 41.0447 0.0039 0.8885 0 0 0.01
44.8122 14.5092 41.0447 0.1923 0.8885 0 0.0001 0.01
37.1387 14.5092 41.0447 0.1923 0.9961 0 0.0001 0.01
37.1387 14.8685 15.8354 0.5484 0.996 0 0.01 0
37.1387 14.8685 40.6854 0.2 0.9961 0 0.01 0
44.8122 14.8685 40.6854 0.2 0.8885 0 0.01 0
44.8122 14.8685 40.6854 0.2 0.8885 0 0.01 0
44.8122 14.8685 15.8354 0.5484 0.8884 0 0.01 0
37.1387 14.8685 15.8354 0.5484 0.996 0 0.01 0
44.8122 14.5092 15.4761 0.5561 0.8884 -0 0.0001 -0.01
44.8122 1.0759 15.4761 0.7445 0.8884 -0 0 -0.01
37.1387 1.0759 15.4761 0.7445 0.996 -0 0 -0.01
37.1387 1.0759 15.4761 0.7445 0.996 -0 0 -0.01
37.1387 14.5092 15.4761 0.5561 0.996 -0 0.0001 -0.01
44.8122 14.5092 15.4761 0.5561 0.8884 -0 0.0001 -0.01
44.8122 1.0759 15.4761 0.0039 0.5796 0 -0.01 0
44.8122 1.0759 41.0447 0.3624 0.5796 0 -0.01 0
37.1387 1.0759 41.0447 0.3624 0.6872 0 -0.01 0
37.1387 1.0759 41.0447 0.3624 0.6872 0 -0.01 0
37.1387 1.0759 15.4761 0.0039 0.6872 0 -0.01 0
44.8122 1.0759 15.4761 0.0039 0.5796 0 -0.01 0
37.4966 14.5237 15.8494 0.3674 0.8805 -0.01 0 0
37.4966 1.4207 15.8494 0.3674 0.6951 -0.01 0 0
37.4966 1.4207 40.6714 0.7194 0.6952 -0.01 0 0
37.4966 1.4207 40.6714 0.7194 0.6952 -0.01 0 0
37.4966 14.5237 40.6714 0.7194 0.8805 -0.01 0 0
37.4966 14.5237 15.8494 0.3674 0.8805 -0.01 0 0
37.1387 1.0759 15.4761 0.0011 0.5022 -0.01 0 0
37.1387 1.4207 40.6714 0.3632 0.5072 -0.01 0 0
37.1387 1.4207 15.8494 0.0065 0.5072 -0.01 0 0
37.1387 1.0759 41.0447 0.3687 0.5022 -0.01 0 0
37.1387 1.4207 40.6714 0.3632 0.5072 -0.01 0 0
37.1387 1.0759 15.4761 0.0011 0.5022 -0.01 0 0
37.1387 14.5092 15.4761 0.6731 0.5366 -0.01 0 0
37.1387 1.0759 15.4761 0.475 0.5366 -0.01 0 0
37.1387 1.4207 15.8494 0.4799 0.5312 -0.01 0 0
37.1387 1.4207 15.8494 0.4799 0.5312 -0.01 0 0
37.1387 14.5237 15.8494 0.6733 0.5312 -0.01 0 0
37.1387 14.5092 15.4761 0.6731 0.5366 -0.01 0 0
37.1387 14.7633 15.5814 0.6767 0.5349 -0.01 0 0
37.1387 14.5092 15.4761 0.6731 0.5366 -0.01 0 0
37.1387 14.5237 15.8494 0.6733 0.5312 -0.01 0 0
37.1387 14.5237 15.8494 0.6733 0.5312 -0.01 0 0
37.1387 14.8685 15.8354 0.6782 0.5315 -0.01 0 0
37.1387 14.7633 15.5814 0.6767 0.5349 -0.01 0 0
37.1387 1.4207 15.8494 0.365 0.6911 0 0.01 0
37.1387 1.4207 40.6714 0.7218 0.6911 0 0.01 0
37.4966 1.4207 40.6714 0.7194 0.6952 0 0.01 0
37.4966 1.4207 40.6714 0.7194 0.6952 0 0.01 0
37.4966 1.4207 15.8494 0.3674 0.6951 0 0.01 0
37.1387 1.4207 15.8494 0.365 0.6911 0 0.01 0
37.1387 14.5237 15.8494 0.365 0.8845 0 0 0.01
37.1387 1.4207 15.8494 0.365 0.6911 0 0 0.01
37.4966 1.4207 15.8494 0.3674 0.6951 0 0 0.01
37.4966 1.4207 15.8494 0.3674 0.6951 0 0 0.01
37.4966 14.5237 15.8494 0.3674 0.8805 0 0 0.01
37.1387 14.5237 15.8494 0.365 0.8845 0 0 0.01
37.4966 14.5237 15.8494 0.3674 0.8805 0 -0.01 0
37.4966 14.5237 40.6714 0.7194 0.8805 0 -0.01 0
37.1387 14.5237 40.6714 0.7218 0.8845 0 -0.01 0
37.1387 14.5237 40.6714 0.7218 0.8845 0 -0.01 0
37.1387 14.5237 15.8494 0.365 0.8845 0 -0.01 0
37.4966 14.5237 15.8494 0.3674 0.8805 0 -0.01 0
37.4966 14.5237 40.6714 0.7194 0.8805 -0 0 -0.01
37.4966 1.4207 40.6714 0.7194 0.6952 -0 0 -0.01
37.1387 1.4207 40.6714 0.7218 0.6911 -0 0 -0.01
37.1387 1.4207 40.6714 0.7218 0.6911 -0 0 -0.01
37.1387 14.5237 40.6714 0.7218 0.8845 -0 0 -0.01
37.4966 14.5237 40.6714 0.7194 0.8805 -0 0 -0.01
37.1387 14.7633 40.9395 0.1961 0.9961 0 0.0071 0.0071
44.8122 14.7633 40.9395 0.1961 0.8885 0 0.0071 0.0071
44.8122 14.8685 40.6854 0.2 0.8885 0 0.01 0
44.8122 14.8685 40.6854 0.2 0.8885 0 0.01 0
37.1387 14.8685 40.6854 0.2 0.9961 0 0.01 0
37.1387 14.7633 40.9395 0.1961 0.9961 0 0.0071 0.0071
37.1387 14.5092 41.0447 0.1923 0.9961 0 0.0001 0.01
44.8122 14.5092 41.0447 0.1923 0.8885 0 0.0001 0.01
44.8122 14.7633 40.9395 0.1961 0.8885 0 0.0071 0.0071
44.8122 14.7633 40.9395 0.1961 0.8885 0 0.0071 0.0071
37.1387 14.7633 40.9395 0.1961 0.9961 0 0.0071 0.0071
37.1387 14.5092 41.0447 0.1923 0.9961 0 0.0001 0.01
37.1387 14.7633 15.5814 0.5523 0.996 -0 0.0071 -0.0071
44.8122 14.7633 15.5814 0.5523 0.8884 -0 0.0071 -0.0071
44.8122 14.5092 15.4761 0.5561 0.8884 -0 0.0001 -0.01
44.8122 14.5092 15.4761 0.5561 0.8884 -0 0.0001 -0.01
37.1387 14.5092 15.4761 0.5561 0.996 -0 0.0001 -0.01
37.1387 14.7633 15.5814 0.5523 0.996 -0 0.0071 -0.0071
37.1387 14.8685 15.8354 0.5484 0.996 0 0.01 0
44.8122 14.8685 15.8354 0.5484 0.8884 0 0.01 0
44.8122 14.7633 15.5814 0.5523 0.8884 -0 0.0071 -0.0071
44.8122 14.7633 15.5814 0.5523 0.8884 -0 0.0071 -0.0071
37.1387 14.7633 15.5814 0.5523 0.996 -0 0.0071 -0.0071
37.1387 14.8685 15.8354 0.5484 0.996 0 0.01 0
37.1387 1.4207 40.6714 0.4799 0.5273 -0.01 0 0
37.1387 1.0759 41.0447 0.475 0.5218 -0.01 0 0
37.1387 14.5092 41.0447 0.673 0.5222 -0.01 0 0
37.1387 14.5092 41.0447 0.673 0.5222 -0.01 0 0
37.1387 14.5237 40.6714 0.6733 0.5273 -0.01 0 0
37.1387 1.4207 40.6714 0.4799 0.5273 -0.01 0 0
37.1387 14.5237 40.6714 0.6733 0.5273 -0.01 0 0
37.1387 14.5092 41.0447 0.673 0.5222 -0.01 0 0
37.1387 14.7633 40.9395 0.6767 0.5235 -0.01 0 0
37.1387 14.7633 40.9395 0.6767 0.5235 -0.01 0 0
37.1387 14.8685 40.6854 0.6782 0.5273 -0.01 0 0
37.1387 14.5237 40.6714 0.6733 0.5273 -0.01 0 0
44.8122 14.5092 15.4761 0.0039 0.6962 0.01 0 -0
44.8122 1.0759 41.0447 0.3624 0.8845 0.01 0 -0
44.8122 1.0759 15.4761 0.0039 0.8845 0.01 0 -0
44.8122 14.7633 15.5814 0.0056 0.6926 0.01 0 -0
44.8122 1.0759 41.0447 0.3624 0.8845 0.01 0 -0
44.8122 14.5092 15.4761 0.0039 0.6962 0.01 0 -0
44.8122 14.8685 15.8354 0.009 0.6911 0.01 0 -0
44.8122 1.0759 41.0447 0.3624 0.8845 0.01 0 -0
44.8122 14.7633 15.5814 0.0056 0.6926 0.01 0 -0
44.8122 14.8685 40.6854 0.3576 0.6911 0.01 0 -0
44.8122 1.0759 41.0447 0.3624 0.8845 0.01 0 -0
44.8122 14.8685 15.8354 0.009 0.6911 0.01 0 -0
44.8122 14.7633 40.9395 0.361 0.6926 0.01 0 -0
44.8122 1.0759 41.0447 0.3624 0.8845 0.01 0 -0
44.8122 14.8685 40.6854 0.3576 0.6911 0.01 0 -0
44.8122 14.7633 40.9395 0.361 0.6926 0.01 0 -0
44.8122 14.5092 41.0447 0.3624 0.6962 0.01 0 -0
44.8122 1.0759 41.0447 0.3624 0.8845 0.01 0 -0
37.1387 14.5237 40.6714 0.7273 0.5405 -0.01 0 0
37.1387 14.8685 40.6854 0.7273 0.5454 -0.01 0 0
37.1387 14.8685 15.8354 0.3703 0.5455 -0.01 0 0
37.1387 14.8685 15.8354 0.3703 0.5455 -0.01 0 0
37.1387 14.5237 15.8494 0.3706 0.5406 -0.01 0 0
37.1387 14.5237 40.6714 0.7273 0.5405 -0.01 0 0
36.7931 12.5428 35.5429 0.5507 0.5128 0 0 0.01
36.7931 12.1872 35.5429 0.5556 0.5128 0 0 0.01
37.1487 12.1872 35.5429 0.5556 0.5178 0 0 0.01
37.1487 12.1872 35.5429 0.5556 0.5178 0 0 0.01
37.1487 12.5428 35.5429 0.5507 0.5178 0 0 0.01
36.7931 12.5428 35.5429 0.5507 0.5128 0 0 0.01
36.7931 12.1872 33.4092 0.5157 0.5128 -0 0 -0.01
36.7931 12.5428 33.4092 0.5207 0.5128 -0 0 -0.01
37.1487 12.5428 33.4092 0.5207 0.5178 -0 0 -0.01
37.1487 12.5428 33.4092 0.5207 0.5178 -0 0 -0.01
37.1487 12.1872 33.4092 0.5157 0.5178 -0 0 -0.01
36.7931 12.1872 33.4092 0.5157 0.5128 -0 0 -0.01
37.1487 12.1872 33.4092 0.5207 0.5028 0 -0.01 0
37.1487 12.1872 35.5429 0.5507 0.5029 0 -0.01 0
36.7931 12.1872 35.5429 0.5507 0.5078 0 -0.01 0
36.7931 12.1872 35.5429 0.5507 0.5078 0 -0.01 0
36.7931 12.1872 33.4092 0.5207 0.5078 0 -0.01 0
37.1487 12.1872 33.4092 0.5207 0.5028 0 -0.01 0
37.1487 12.5428 33.4092 0.5207 0.5178 0 0.01 0
36.7931 12.5428 33.4092 0.5207 0.5128 0 0.01 0
36.7931 12.5428 35.5429 0.5507 0.5128 0 0.01 0
36.7931 12.5428 35.5429 0.5507 0.5128 0 0.01 0
37.1487 12.5428 35.5429 0.5507 0.5178 0 0.01 0
37.1487 12.5428 33.4092 0.5207 0.5178 0 0.01 0
36.7931 12.5428 33.4092 0.5207 0.5128 -0.01 0 0
36.7931 12.1872 33.4092 0.5207 0.5078 -0.01 0 0
36.7931 12.1872 35.5429 0.5507 0.5078 -0.01 0 0
36.7931 12.1872 35.5429 0.5507 0.5078 -0.01 0 0
36.7931 12.5428 35.5429 0.5507 0.5128 -0.01 0 0
36.7931 12.5428 33.4092 0.5207 0.5128 -0.01 0 0
36.7931 12.5384 23.115 0.7166 0.5316 0 0 0.01
36.7931 12.1827 23.115 0.7216 0.5316 0 0 0.01
37.1487 12.1827 23.115 0.7216 0.5366 0 0 0.01
37.1487 12.1827 23.115 0.7216 0.5366 0 0 0.01
37.1487 12.5384 23.115 0.7166 0.5366 0 0 0.01
36.7931 12.5384 23.115 0.7166 0.5316 0 0 0.01
36.7931 12.1827 20.9813 0.6817 0.5316 -0 0 -0.01
36.7931 12.5384 20.9813 0.6867 0.5316 -0 0 -0.01
37.1487 12.5384 20.9813 0.6867 0.5366 -0 0 -0.01
37.1487 12.5384 20.9813 0.6867 0.5366 -0 0 -0.01
37.1487 12.1827 20.9813 0.6817 0.5366 -0 0 -0.01
36.7931 12.1827 20.9813 0.6817 0.5316 -0 0 -0.01
37.1487 12.1827 20.9813 0.6867 0.5217 0 -0.01 0
37.1487 12.1827 23.115 0.7166 0.5217 0 -0.01 0
36.7931 12.1827 23.115 0.7166 0.5266 0 -0.01 0
36.7931 12.1827 23.115 0.7166 0.5266 0 -0.01 0
36.7931 12.1827 20.9813 0.6867 0.5266 0 -0.01 0
37.1487 12.1827 20.9813 0.6867 0.5217 0 -0.01 0
37.1487 12.5384 20.9813 0.6867 0.5366 0 0.01 0
36.7931 12.5384 20.9813 0.6867 0.5316 0 0.01 0
36.7931 12.5384 23.115 0.7166 0.5316 0 0.01 0
36.7931 12.5384 23.115 0.7166 0.5316 0 0.01 0
37.1487 12.5384 23.115 0.7166 0.5366 0 0.01 0
37.1487 12.5384 20.9813 0.6867 0.5366 0 0.01 0
36.7931 12.5384 20.9813 0.6867 0.5316 -0.01 0 0
36.7931 12.1827 20.9813 0.6867 0.5266 -0.01 0 0
36.7931 12.1827 23.115 0.7166 0.5266 -0.01 0 0
36.7931 12.1827 23.115 0.7166 0.5266 -0.01 0 0
36.7931 12.5384 23.115 0.7166 0.5316 -0.01 0 0
36.7931 12.5384 20.9813 0.6867 0.5316 -0.01 0 0
36.7931 8.1518 35.5429 0.6333 0.5128 0 0 0.01
36.7931 7.7962 35.5429 0.6382 0.5128 0 0 0.01
37.1487 7.7962 35.5429 0.6382 0.5178 0 0 0.01
37.1487 7.7962 35.5429 0.6382 0.5178 0 0 0.01
37.1487 8.1518 35.5429 0.6333 0.5178 0 0 0.01
36.7931 8.1518 35.5429 0.6333 0.5128 0 0 0.01
36.7931 7.7962 33.4092 0.5983 0.5128 -0 0 -0.01
36.7931 8.1518 33.4092 0.6033 0.5128 -0 0 -0.01
37.1487 8.1518 33.4092 0.6033 0.5178 -0 0 -0.01
37.1487 8.1518 33.4092 0.6033 0.5178 -0 0 -0.01
37.1487 7.7962 33.4092 0.5983 0.5178 -0 0 -0.01
36.7931 7.7962 33.4092 0.5983 0.5128 -0 0 -0.01
37.1487 7.7962 33.4092 0.6033 0.5028 0 -0.01 0
37.1487 7.7962 35.5429 0.6333 0.5028 0 -0.01 0
36.7931 7.7962 35.5429 0.6333 0.5078 0 -0.01 0
36.7931 7.7962 35.5429 0.6333 0.5078 0 -0.01 0
36.7931 7.7962 33.4092 0.6033 0.5078 0 -0.01 0
37.1487 7.7962 33.4092 0.6033 0.5028 0 -0.01 0
37.1487 8.1518 33.4092 0.6033 0.5178 0 0.01 0
36.7931 8.1518 33.4092 0.6033 0.5128 0 0.01 0
36.7931 8.1518 35.5429 0.6333 0.5128 0 0.01 0
36.7931 8.1518 35.5429 0.6333 0.5128 0 0.01 0
37.1487 8.1518 35.5429 0.6333 0.5178 0 0.01 0
37.1487 8.1518 33.4092 0.6033 0.5178 0 0.01 0
36.7931 8.1518 33.4092 0.6033 0.5128 -0.01 0 0
36.7931 7.7962 33.4092 0.6033 0.5078 -0.01 0 0
36.7931 7.7962 35.5429 0.6333 0.5078 -0.01 0 0
36.7931 7.7962 35.5429 0.6333 0.5078 -0.01 0 0
36.7931 8.1518 35.5429 0.6333 0.5128 -0.01 0 0
36.7931 8.1518 33.4092 0.6033 0.5128 -0.01 0 0
36.7931 7.9636 23.115 0.6452 0.5078 0 0 0.01
36.7931 7.608 23.115 0.6402 0.5078 0 0 0.01
37.1487 7.608 23.115 0.6402 0.5028 0 0 0.01
37.1487 7.608 23.115 0.6402 0.5028 0 0 0.01
37.1487 7.9636 23.115 0.6452 0.5028 0 0 0.01
36.7931 7.9636 23.115 0.6452 0.5078 0 0 0.01
36.7931 7.608 20.9813 0.6801 0.5078 -0 0 -0.01
36.7931 7.9636 20.9813 0.6751 0.5078 -0 0 -0.01
37.1487 7.9636 20.9813 0.6751 0.5028 -0 0 -0.01
37.1487 7.9636 20.9813 0.6751 0.5028 -0 0 -0.01
37.1487 7.608 20.9813 0.6801 0.5028 -0 0 -0.01
36.7931 7.608 20.9813 0.6801 0.5078 -0 0 -0.01
37.1487 7.608 20.9813 0.6751 0.5178 0 -0.01 0
37.1487 7.608 23.115 0.6452 0.5178 0 -0.01 0
36.7931 7.608 23.115 0.6452 0.5128 0 -0.01 0
36.7931 7.608 23.115 0.6452 0.5128 0 -0.01 0
36.7931 7.608 20.9813 0.6751 0.5128 0 -0.01 0
37.1487 7.608 20.9813 0.6751 0.5178 0 -0.01 0
37.1487 7.9636 20.9813 0.6751 0.5028 0 0.01 0
36.7931 7.9636 20.9813 0.6751 0.5078 0 0.01 0
36.7931 7.9636 23.115 0.6452 0.5078 0 0.01 0
36.7931 7.9636 23.115 0.6452 0.5078 0 0.01 0
37.1487 7.9636 23.115 0.6452 0.5028 0 0.01 0
37.1487 7.9636 20.9813 0.6751 0.5028 0 0.01 0
36.7931 7.9636 20.9813 0.6751 0.5078 -0.01 0 0
36.7931 7.608 20.9813 0.6751 0.5128 -0.01 0 0
36.7931 7.608 23.115 0.6452 0.5128 -0.01 0 0
36.7931 7.608 23.115 0.6452 0.5128 -0.01 0 0
36.7931 7.9636 23.115 0.6452 0.5078 -0.01 0 0
36.7931 7.9636 20.9813 0.6751 0.5078 -0.01 0 0
36.7931 3.8003 35.5429 0.4804 0.5079 0 0 0.01
36.7931 3.4447 35.5429 0.4754 0.5079 0 0 0.01
37.1487 3.4447 35.5429 0.4754 0.503 0 0 0.01
37.1487 3.4447 35.5429 0.4754 0.503 0 0 0.01
37.1487 3.8003 35.5429 0.4804 0.503 0 0 0.01
36.7931 3.8003 35.5429 0.4804 0.5079 0 0 0.01
36.7931 3.4447 33.4092 0.5153 0.5079 -0 0 -0.01
36.7931 3.8003 33.4092 0.5103 0.5079 -0 0 -0.01
37.1487 3.8003 33.4092 0.5103 0.503 -0 0 -0.01
37.1487 3.8003 33.4092 0.5103 0.503 -0 0 -0.01
37.1487 3.4447 33.4092 0.5153 0.503 -0 0 -0.01
36.7931 3.4447 33.4092 0.5153 0.5079 -0 0 -0.01
37.1487 3.4447 33.4092 0.5103 0.5179 0 -0.01 0
37.1487 3.4447 35.5429 0.4804 0.5179 0 -0.01 0
36.7931 3.4447 35.5429 0.4804 0.5129 0 -0.01 0
36.7931 3.4447 35.5429 0.4804 0.5129 0 -0.01 0
36.7931 3.4447 33.4092 0.5103 0.5129 0 -0.01 0
37.1487 3.4447 33.4092 0.5103 0.5179 0 -0.01 0
37.1487 3.8003 33.4092 0.5103 0.503 0 0.01 0
36.7931 3.8003 33.4092 0.5103 0.5079 0 0.01 0
36.7931 3.8003 35.5429 0.4804 0.5079 0 0.01 0
36.7931 3.8003 35.5429 0.4804 0.5079 0 0.01 0
37.1487 3.8003 35.5429 0.4804 0.503 0 0.01 0
37.1487 3.8003 33.4092 0.5103 0.503 0 0.01 0
36.7931 3.8003 33.4092 0.5103 0.5079 -0.01 0 0
36.7931 3.4447 33.4092 0.5103 0.5129 -0.01 0 0
36.7931 3.4447 35.5429 0.4804 0.5129 -0.01 0 0
36.7931 3.4447 35.5429 0.4804 0.5129 -0.01 0 0
36.7931 3.8003 35.5429 0.4804 0.5079 -0.01 0 0
36.7931 3.8003 33.4092 0.5103 0.5079 -0.01 0 0
36.7931 3.8186 23.115 0.5615 0.5078 0 0 0.01
36.7931 3.463 23.115 0.5565 0.5078 0 0 0.01
37.1487 3.463 23.115 0.5565 0.5028 0 0 0.01
37.1487 3.463 23.115 0.5565 0.5028 0 0 0.01
37.1487 3.8186 23.115 0.5615 0.5028 0 0 0.01
36.7931 3.8186 23.115 0.5615 0.5078 0 0 0.01
36.7931 3.463 20.9813 0.5964 0.5078 -0 0 -0.01
36.7931 3.8186 20.9813 0.5914 0.5078 -0 0 -0.01
37.1487 3.8186 20.9813 0.5914 0.5028 -0 0 -0.01
37.1487 3.8186 20.9813 0.5914 0.5028 -0 0 -0.01
37.1487 3.463 20.9813 0.5964 0.5028 -0 0 -0.01
36.7931 3.463 20.9813 0.5964 0.5078 -0 0 -0.01
37.1487 3.463 20.9813 0.5914 0.5178 0 -0.01 0
37.1487 3.463 23.115 0.5615 0.5178 0 -0.01 0
36.7931 3.463 23.115 0.5615 0.5128 0 -0.01 0
36.7931 3.463 23.115 0.5615 0.5128 0 -0.01 0
36.7931 3.463 20.9813 0.5914 0.5128 0 -0.01 0
37.1487 3.463 20.9813 0.5914 0.5178 0 -0.01 0
37.1487 3.8186 20.9813 0.5914 0.5028 0 0.01 0
36.7931 3.8186 20.9813 0.5914 0.5078 0 0.01 0
36.7931 3.8186 23.115 0.5615 0.5078 0 0.01 0
36.7931 3.8186 23.115 0.5615 0.5078 0 0.01 0
37.1487 3.8186 23.115 0.5615 0.5028 0 0.01 0
37.1487 3.8186 20.9813 0.5914 0.5028 0 0.01 0
36.7931 3.8186 20.9813 0.5914 0.5078 -0.01 0 0
36.7931 3.463 20.9813 0.5914 0.5128 -0.01 0 0
36.7931 3.463 23.115 0.5615 0.5128 -0.01 0 0
36.7931 3.463 23.115 0.5615 0.5128 -0.01 0 0
36.7931 3.8186 23.115 0.5615 0.5078 -0.01 0 0
36.7931 3.8186 20.9813 0.5914 0.5078 -0.01 0 0
37.5383 1.1029 40.498 0.3707 0.4982 0 -0.0017 0.0099
37.7139 0.0957 40.3224 0.3851 0.5007 0 -0.0017 0.0099
38.37 0.0957 40.3224 0.3851 0.5099 0 -0.0017 0.0099
38.37 0.0957 40.3224 0.3851 0.5099 0 -0.0017 0.0099
38.5456 1.1029 40.498 0.3707 0.5124 0 -0.0017 0.0099
37.5383 1.1029 40.498 0.3707 0.4982 0 -0.0017 0.0099
37.7139 0.0957 39.6664 0.3939 0.5257 -0 -0.0017 -0.0099
37.5383 1.1029 39.4908 0.3843 0.5367 -0 -0.0017 -0.0099
38.5456 1.1029 39.4908 0.3754 0.5257 -0 -0.0017 -0.0099
38.5456 1.1029 39.4908 0.3754 0.5257 -0 -0.0017 -0.0099
38.37 0.0957 39.6664 0.3881 0.5186 -0 -0.0017 -0.0099
37.7139 0.0957 39.6664 0.3939 0.5257 -0 -0.0017 -0.0099
37.7139 0.0957 40.3224 0.3851 0.5007 0 -0.01 0
37.7139 0.0957 39.6664 0.3943 0.5007 0 -0.01 0
38.37 0.0957 39.6664 0.3943 0.5099 0 -0.01 0
38.37 0.0957 39.6664 0.3943 0.5099 0 -0.01 0
38.37 0.0957 40.3224 0.3851 0.5099 0 -0.01 0
37.7139 0.0957 40.3224 0.3851 0.5007 0 -0.01 0
37.5383 1.1029 39.4908 0.3754 0.4849 -0.0099 -0.0017 0
37.7139 0.0957 39.6664 0.3881 0.492 -0.0099 -0.0017 0
37.7139 0.0957 40.3224 0.3851 0.5007 -0.0099 -0.0017 0
37.7139 0.0957 40.3224 0.3851 0.5007 -0.0099 -0.0017 0
37.5383 1.1029 40.498 0.3707 0.4982 -0.0099 -0.0017 0
37.5383 1.1029 39.4908 0.3754 0.4849 -0.0099 -0.0017 0
38.5456 1.1029 40.498 0.3707 0.5124 0.0099 -0.0017 -0
38.37 0.0957 40.3224 0.3851 0.5099 0.0099 -0.0017 -0
38.37 0.0957 39.6664 0.3881 0.5186 0.0099 -0.0017 -0
38.37 0.0957 39.6664 0.3881 0.5186 0.0099 -0.0017 -0
38.5456 1.1029 39.4908 0.3754 0.5257 0.0099 -0.0017 -0
38.5456 1.1029 40.498 0.3707 0.5124 0.0099 -0.0017 -0
43.4053 1.1029 17.0301 0.3969 0.4982 0 -0.0017 0.0099
43.5809 0.0957 16.8545 0.4112 0.5007 0 -0.0017 0.0099
44.2369 0.0957 16.8545 0.4113 0.5099 0 -0.0017 0.0099
44.2369 0.0957 16.8545 0.4113 0.5099 0 -0.0017 0.0099
44.4125 1.1029 17.0301 0.3969 0.5124 0 -0.0017 0.0099
43.4053 1.1029 17.0301 0.3969 0.4982 0 -0.0017 0.0099
43.5809 0.0957 16.1984 0.4201 0.5257 -0 -0.0017 -0.0099
43.4053 1.1029 16.0228 0.4105 0.5367 -0 -0.0017 -0.0099
44.4125 1.1029 16.0228 0.4016 0.5257 -0 -0.0017 -0.0099
44.4125 1.1029 16.0228 0.4016 0.5257 -0 -0.0017 -0.0099
44.2369 0.0957 16.1984 0.4143 0.5186 -0 -0.0017 -0.0099
43.5809 0.0957 16.1984 0.4201 0.5257 -0 -0.0017 -0.0099
43.5809 0.0957 16.8545 0.4112 0.5007 0 -0.01 0
43.5809 0.0957 16.1984 0.4204 0.5007 0 -0.01 0
44.2369 0.0957 16.1984 0.4204 0.5099 0 -0.01 0
44.2369 0.0957 16.1984 0.4204 0.5099 0 -0.01 0
44.2369 0.0957 16.8545 0.4113 0.5099 0 -0.01 0
43.5809 0.0957 16.8545 0.4112 0.5007 0 -0.01 0
43.4053 1.1029 16.0228 0.4016 0.4849 -0.0099 -0.0017 0
43.5809 0.0957 16.1984 0.4143 0.492 -0.0099 -0.0017 0
43.5809 0.0957 16.8545 0.4112 0.5007 -0.0099 -0.0017 0
43.5809 0.0957 16.8545 0.4112 0.5007 -0.0099 -0.0017 0
43.4053 1.1029 17.0301 0.3969 0.4982 -0.0099 -0.0017 0
43.4053 1.1029 16.0228 0.4016 0.4849 -0.0099 -0.0017 0
44.4125 1.1029 17.0301 0.3969 0.5124 0.0099 -0.0017 -0
44.2369 0.0957 16.8545 0.4113 0.5099 0.0099 -0.0017 -0
44.2369 0.0957 16.1984 0.4143 0.5186 0.0099 -0.0017 -0
44.2369 0.0957 16.1984 0.4143 0.5186 0.0099 -0.0017 -0
44.4125 1.1029 16.0228 0.4016 0.5257 0.0099 -0.0017 -0
44.4125 1.1029 17.0301 0.3969 0.5124 0.0099 -0.0017 -0
37.5383 1.1029 17.0301 0.4466 0.5233 0 -0.0017 0.0099
37.7139 0.0957 16.8545 0.4323 0.5209 0 -0.0017 0.0099
38.37 0.0957 16.8545 0.4323 0.5117 0 -0.0017 0.0099
38.37 0.0957 16.8545 0.4323 0.5117 0 -0.0017 0.0099
38.5456 1.1029 17.0301 0.4466 0.5092 0 -0.0017 0.0099
37.5383 1.1029 17.0301 0.4466 0.5233 0 -0.0017 0.0099
37.7139 0.0957 16.1984 0.4234 0.4959 -0 -0.0017 -0.0099
37.5383 1.1029 16.0228 0.433 0.4849 -0 -0.0017 -0.0099
38.5456 1.1029 16.0228 0.4419 0.4959 -0 -0.0017 -0.0099
38.5456 1.1029 16.0228 0.4419 0.4959 -0 -0.0017 -0.0099
38.37 0.0957 16.1984 0.4292 0.503 -0 -0.0017 -0.0099
37.7139 0.0957 16.1984 0.4234 0.4959 -0 -0.0017 -0.0099
37.7139 0.0957 16.8545 0.4323 0.5209 0 -0.01 0
37.7139 0.0957 16.1984 0.4231 0.5209 0 -0.01 0
38.37 0.0957 16.1984 0.4231 0.5117 0 -0.01 0
38.37 0.0957 16.1984 0.4231 0.5117 0 -0.01 0
38.37 0.0957 16.8545 0.4323 0.5117 0 -0.01 0
37.7139 0.0957 16.8545 0.4323 0.5209 0 -0.01 0
37.5383 1.1029 16.0228 0.4419 0.5367 -0.0099 -0.0017 0
37.7139 0.0957 16.1984 0.4292 0.5296 -0.0099 -0.0017 0
37.7139 0.0957 16.8545 0.4323 0.5209 -0.0099 -0.0017 0
37.7139 0.0957 16.8545 0.4323 0.5209 -0.0099 -0.0017 0
37.5383 1.1029 17.0301 0.4466 0.5233 -0.0099 -0.0017 0
37.5383 1.1029 16.0228 0.4419 0.5367 -0.0099 -0.0017 0
38.5456 1.1029 17.0301 0.4466 0.5092 0.0099 -0.0017 -0
38.37 0.0957 16.1984 0.4292 0.503 0.0099 -0.0017 -0
38.5456 1.1029 16.0228 0.4419 0.4959 0.0099 -0.0017 -0
38.37 0.0957 16.8545 0.4323 0.5117 0.0099 -0.0017 -0
38.37 0.0957 16.1984 0.4292 0.503 0.0099 -0.0017 -0
38.5456 1.1029 17.0301 0.4466 0.5092 0.0099 -0.0017 -0
43.4053 1.1029 40.498 0.4728 0.5233 0 -0.0017 0.0099
43.5809 0.0957 40.3224 0.4584 0.5209 0 -0.0017 0.0099
44.2369 0.0957 40.3224 0.4584 0.5117 0 -0.0017 0.0099
44.2369 0.0957 40.3224 0.4584 0.5117 0 -0.0017 0.0099
44.4125 1.1029 40.498 0.4728 0.5092 0 -0.0017 0.0099
43.4053 1.1029 40.498 0.4728 0.5233 0 -0.0017 0.0099
43.5809 0.0957 39.6664 0.4496 0.4959 -0 -0.0017 -0.0099
43.4053 1.1029 39.4908 0.4592 0.4849 -0 -0.0017 -0.0099
44.4125 1.1029 39.4908 0.4681 0.4959 -0 -0.0017 -0.0099
44.4125 1.1029 39.4908 0.4681 0.4959 -0 -0.0017 -0.0099
44.2369 0.0957 39.6664 0.4554 0.503 -0 -0.0017 -0.0099
43.5809 0.0957 39.6664 0.4496 0.4959 -0 -0.0017 -0.0099
43.5809 0.0957 40.3224 0.4584 0.5209 0 -0.01 0
43.5809 0.0957 39.6664 0.4492 0.5209 0 -0.01 0
44.2369 0.0957 39.6664 0.4492 0.5117 0 -0.01 0
44.2369 0.0957 39.6664 0.4492 0.5117 0 -0.01 0
44.2369 0.0957 40.3224 0.4584 0.5117 0 -0.01 0
43.5809 0.0957 40.3224 0.4584 0.5209 0 -0.01 0
43.4053 1.1029 39.4908 0.4681 0.5367 -0.0099 -0.0017 0
43.5809 0.0957 39.6664 0.4554 0.5296 -0.0099 -0.0017 0
43.5809 0.0957 40.3224 0.4584 0.5209 -0.0099 -0.0017 0
43.5809 0.0957 40.3224 0.4584 0.5209 -0.0099 -0.0017 0
43.4053 1.1029 40.498 0.4728 0.5233 -0.0099 -0.0017 0
43.4053 1.1029 39.4908 0.4681 0.5367 -0.0099 -0.0017 0
44.4125 1.1029 40.498 0.4728 0.5092 0.0099 -0.0017 -0
44.2369 0.0957 39.6664 0.4554 0.503 0.0099 -0.0017 -0
44.4125 1.1029 39.4908 0.4681 0.4959 0.0099 -0.0017 -0
44.2369 0.0957 40.3224 0.4584 0.5117 0.0099 -0.0017 -0
44.2369 0.0957 39.6664 0.4554 0.503 0.0099 -0.0017 -0
44.4125 1.1029 40.498 0.4728 0.5092 0.0099 -0.0017 -0
37.1056 14.3772 40.546 0.0077 0.515 0 0 0.01
37.1056 10.3439 40.546 0.0077 0.5715 0 0 0.01
37.4039 10.3439 40.546 0.0035 0.5715 0 0 0.01
37.4039 10.3439 40.546 0.0035 0.5715 0 0 0.01
37.4039 14.3772 40.546 0.0035 0.515 0 0 0.01
37.1056 14.3772 40.546 0.0077 0.515 0 0 0.01
37.4039 14.3772 40.546 0.0077 0.5108 0 0.01 0
37.4039 14.3772 28.4019 0.1781 0.5108 0 0.01 0
37.1056 14.3772 28.4019 0.178 0.5149 0 0.01 0
37.1056 14.3772 28.4019 0.178 0.5149 0 0.01 0
37.1056 14.3772 40.546 0.0077 0.515 0 0.01 0
37.4039 14.3772 40.546 0.0077 0.5108 0 0.01 0
37.1056 10.3439 28.4019 0.178 0.5715 -0 0 -0.01
37.1056 14.3772 28.4019 0.178 0.5149 -0 0 -0.01
37.4039 14.3772 28.4019 0.1822 0.5149 -0 0 -0.01
37.4039 14.3772 28.4019 0.1822 0.5149 -0 0 -0.01
37.4039 10.3439 28.4019 0.1822 0.5715 -0 0 -0.01
37.1056 10.3439 28.4019 0.178 0.5715 -0 0 -0.01
37.1056 10.3439 40.546 0.0077 0.5715 0 -0.01 0
37.1056 10.3439 28.4019 0.178 0.5715 0 -0.01 0
37.4039 10.3439 28.4019 0.1781 0.5757 0 -0.01 0
37.4039 10.3439 28.4019 0.1781 0.5757 0 -0.01 0
37.4039 10.3439 40.546 0.0077 0.5757 0 -0.01 0
37.1056 10.3439 40.546 0.0077 0.5715 0 -0.01 0
37.1056 14.3772 28.4019 0.178 0.5149 -0.01 0 0
37.1056 10.3439 28.4019 0.178 0.5715 -0.01 0 0
37.1056 10.3439 40.546 0.0077 0.5715 -0.01 0 0
37.1056 10.3439 40.546 0.0077 0.5715 -0.01 0 0
37.1056 14.3772 40.546 0.0077 0.515 -0.01 0 0
37.1056 14.3772 28.4019 0.178 0.5149 -0.01 0 0
37.1056 14.3772 28.1202 0.7227 0.6101 0 0 0.01
37.1056 10.3439 28.1202 0.7228 0.5535 0 0 0.01
37.4039 10.3439 28.1202 0.7269 0.5535 0 0 0.01
37.4039 10.3439 28.1202 0.7269 0.5535 0 0 0.01
37.4039 14.3772 28.1202 0.7269 0.6101 0 0 0.01
37.1056 14.3772 28.1202 0.7227 0.6101 0 0 0.01
37.4039 14.3772 28.1202 0.7227 0.6143 0 0.01 0
37.4039 14.3772 15.9761 0.5524 0.6143 0 0.01 0
37.1056 14.3772 15.9761 0.5524 0.6101 0 0.01 0
37.1056 14.3772 15.9761 0.5524 0.6101 0 0.01 0
37.1056 14.3772 28.1202 0.7227 0.6101 0 0.01 0
37.4039 14.3772 28.1202 0.7227 0.6143 0 0.01 0
37.1056 10.3439 15.9761 0.5524 0.5535 -0 0 -0.01
37.1056 14.3772 15.9761 0.5524 0.6101 -0 0 -0.01
37.4039 14.3772 15.9761 0.5482 0.6101 -0 0 -0.01
37.4039 14.3772 15.9761 0.5482 0.6101 -0 0 -0.01
37.4039 10.3439 15.9761 0.5483 0.5535 -0 0 -0.01
37.1056 10.3439 15.9761 0.5524 0.5535 -0 0 -0.01
37.1056 10.3439 15.9761 0.5524 0.5535 0 -0.01 0
37.4039 10.3439 15.9761 0.5524 0.5494 0 -0.01 0
37.4039 10.3439 28.1202 0.7228 0.5493 0 -0.01 0
37.4039 10.3439 28.1202 0.7228 0.5493 0 -0.01 0
37.1056 10.3439 28.1202 0.7228 0.5535 0 -0.01 0
37.1056 10.3439 15.9761 0.5524 0.5535 0 -0.01 0
37.1056 14.3772 15.9761 0.5524 0.6101 -0.01 0 0
37.1056 10.3439 15.9761 0.5524 0.5535 -0.01 0 0
37.1056 10.3439 28.1202 0.7228 0.5535 -0.01 0 0
37.1056 10.3439 28.1202 0.7228 0.5535 -0.01 0 0
37.1056 14.3772 28.1202 0.7227 0.6101 -0.01 0 0
37.1056 14.3772 15.9761 0.5524 0.6101 -0.01 0 0
37.1056 10.1324 40.546 0.5524 0.6224 0 0 0.01
37.1056 5.807 40.546 0.5524 0.683 0 0 0.01
37.4039 5.807 40.546 0.5482 0.683 0 0 0.01
37.4039 5.807 40.546 0.5482 0.683 0 0 0.01
37.4039 10.1324 40.546 0.5483 0.6223 0 0 0.01
37.1056 10.1324 40.546 0.5524 0.6224 0 0 0.01
37.4039 10.1324 40.546 0.5524 0.6182 0 0.01 0
37.4039 10.1324 28.4019 0.7227 0.6182 0 0.01 0
37.1056 10.1324 28.4019 0.7227 0.6224 0 0.01 0
37.1056 10.1324 28.4019 0.7227 0.6224 0 0.01 0
37.1056 10.1324 40.546 0.5524 0.6224 0 0.01 0
37.4039 10.1324 40.546 0.5524 0.6182 0 0.01 0
37.1056 5.807 28.4019 0.7227 0.683 -0 0 -0.01
37.1056 10.1324 28.4019 0.7227 0.6224 -0 0 -0.01
37.4039 10.1324 28.4019 0.7269 0.6224 -0 0 -0.01
37.4039 10.1324 28.4019 0.7269 0.6224 -0 0 -0.01
37.4039 5.807 28.4019 0.7269 0.683 -0 0 -0.01
37.1056 5.807 28.4019 0.7227 0.683 -0 0 -0.01
37.1056 5.807 40.546 0.5524 0.683 0 -0.01 0
37.1056 5.807 28.4019 0.7227 0.683 0 -0.01 0
37.4039 5.807 28.4019 0.7227 0.6872 0 -0.01 0
37.4039 5.807 28.4019 0.7227 0.6872 0 -0.01 0
37.4039 5.807 40.546 0.5524 0.6872 0 -0.01 0
37.1056 5.807 40.546 0.5524 0.683 0 -0.01 0
37.1056 10.1324 28.4019 0.7227 0.6224 -0.01 0 0
37.1056 5.807 28.4019 0.7227 0.683 -0.01 0 0
37.1056 5.807 40.546 0.5524 0.683 -0.01 0 0
37.1056 5.807 40.546 0.5524 0.683 -0.01 0 0
37.1056 10.1324 40.546 0.5524 0.6224 -0.01 0 0
37.1056 10.1324 28.4019 0.7227 0.6224 -0.01 0 0
37.1056 10.1324 28.1202 0.3692 0.6224 0 0 0.01
37.1056 5.807 28.1202 0.3693 0.683 0 0 0.01
37.4039 5.807 28.1202 0.3651 0.6831 0 0 0.01
37.4039 5.807 28.1202 0.3651 0.6831 0 0 0.01
37.4039 10.1324 28.1202 0.365 0.6224 0 0 0.01
37.1056 10.1324 28.1202 0.3692 0.6224 0 0 0.01
37.1056 10.1324 15.9761 0.5396 0.6224 0 0.01 0
37.1056 10.1324 28.1202 0.3692 0.6224 0 0.01 0
37.4039 10.1324 28.1202 0.3692 0.6182 0 0.01 0
37.4039 10.1324 28.1202 0.3692 0.6182 0 0.01 0
37.4039 10.1324 15.9761 0.5395 0.6182 0 0.01 0
37.1056 10.1324 15.9761 0.5396 0.6224 0 0.01 0
37.1056 5.807 15.9761 0.5396 0.683 -0 0 -0.01
37.1056 10.1324 15.9761 0.5396 0.6224 -0 0 -0.01
37.4039 10.1324 15.9761 0.5438 0.6224 -0 0 -0.01
37.4039 10.1324 15.9761 0.5438 0.6224 -0 0 -0.01
37.4039 5.807 15.9761 0.5438 0.683 -0 0 -0.01
37.1056 5.807 15.9761 0.5396 0.683 -0 0 -0.01
37.1056 5.807 28.1202 0.3693 0.683 -0.01 0 0
37.1056 10.1324 28.1202 0.3692 0.6224 -0.01 0 0
37.1056 10.1324 15.9761 0.5396 0.6224 -0.01 0 0
37.1056 10.1324 15.9761 0.5396 0.6224 -0.01 0 0
37.1056 5.807 15.9761 0.5396 0.683 -0.01 0 0
37.1056 5.807 28.1202 0.3693 0.683 -0.01 0 0
37.1056 5.6344 40.546 0.3692 0.5536 0 0 0.01
37.1056 1.6012 40.546 0.3693 0.6101 0 0 0.01
37.4039 1.6012 40.546 0.3651 0.6101 0 0 0.01
37.4039 1.6012 40.546 0.3651 0.6101 0 0 0.01
37.4039 5.6344 40.546 0.365 0.5535 0 0 0.01
37.1056 5.6344 40.546 0.3692 0.5536 0 0 0.01
37.1056 5.6344 28.4019 0.5396 0.5535 0 0.01 0
37.1056 5.6344 40.546 0.3692 0.5536 0 0.01 0
37.4039 5.6344 40.546 0.3693 0.5494 0 0.01 0
37.4039 5.6344 40.546 0.3693 0.5494 0 0.01 0
37.4039 5.6344 28.4019 0.5395 0.5494 0 0.01 0
37.1056 5.6344 28.4019 0.5396 0.5535 0 0.01 0
37.1056 1.6012 28.4019 0.5396 0.6101 -0 0 -0.01
37.1056 5.6344 28.4019 0.5396 0.5535 -0 0 -0.01
37.4039 5.6344 28.4019 0.5437 0.5535 -0 0 -0.01
37.4039 5.6344 28.4019 0.5437 0.5535 -0 0 -0.01
37.4039 1.6012 28.4019 0.5438 0.6101 -0 0 -0.01
37.1056 1.6012 28.4019 0.5396 0.6101 -0 0 -0.01
37.4039 1.6012 28.4019 0.5396 0.6143 0 -0.01 0
37.4039 1.6012 40.546 0.3692 0.6143 0 -0.01 0
37.1056 1.6012 40.546 0.3693 0.6101 0 -0.01 0
37.1056 1.6012 40.546 0.3693 0.6101 0 -0.01 0
37.1056 1.6012 28.4019 0.5396 0.6101 0 -0.01 0
37.4039 1.6012 28.4019 0.5396 0.6143 0 -0.01 0
37.1056 1.6012 40.546 0.3693 0.6101 -0.01 0 0
37.1056 5.6344 40.546 0.3692 0.5536 -0.01 0 0
37.1056 5.6344 28.4019 0.5396 0.5535 -0.01 0 0
37.1056 5.6344 28.4019 0.5396 0.5535 -0.01 0 0
37.1056 1.6012 28.4019 0.5396 0.6101 -0.01 0 0
37.1056 1.6012 40.546 0.3693 0.6101 -0.01 0 0
37.1056 5.6344 28.1202 0.1887 0.5149 0 0 0.01
37.1056 1.6012 28.1202 0.1887 0.5715 0 0 0.01
37.4039 1.6012 28.1202 0.1845 0.5715 0 0 0.01
37.4039 1.6012 28.1202 0.1845 0.5715 0 0 0.01
37.4039 5.6344 28.1202 0.1845 0.5149 0 0 0.01
37.1056 5.6344 28.1202 0.1887 0.5149 0 0 0.01
37.1056 5.6344 15.9761 0.3589 0.5149 0 0.01 0
37.1056 5.6344 28.1202 0.1887 0.5149 0 0.01 0
37.4039 5.6344 28.1202 0.1885 0.5108 0 0.01 0
37.4039 5.6344 28.1202 0.1885 0.5108 0 0.01 0
37.4039 5.6344 15.9761 0.359 0.5108 0 0.01 0
37.1056 5.6344 15.9761 0.3589 0.5149 0 0.01 0
37.1056 1.6012 15.9761 0.359 0.5715 -0 0 -0.01
37.1056 5.6344 15.9761 0.3589 0.5149 -0 0 -0.01
37.4039 5.6344 15.9761 0.3631 0.5149 -0 0 -0.01
37.4039 5.6344 15.9761 0.3631 0.5149 -0 0 -0.01
37.4039 1.6012 15.9761 0.3632 0.5715 -0 0 -0.01
37.1056 1.6012 15.9761 0.359 0.5715 -0 0 -0.01
37.4039 1.6012 15.9761 0.359 0.5757 0 -0.01 0
37.4039 1.6012 28.1202 0.1886 0.5756 0 -0.01 0
37.1056 1.6012 28.1202 0.1887 0.5715 0 -0.01 0
37.1056 1.6012 28.1202 0.1887 0.5715 0 -0.01 0
37.1056 1.6012 15.9761 0.359 0.5715 0 -0.01 0
37.4039 1.6012 15.9761 0.359 0.5757 0 -0.01 0
37.1056 1.6012 28.1202 0.1887 0.5715 -0.01 0 0
37.1056 5.6344 28.1202 0.1887 0.5149 -0.01 0 0
37.1056 5.6344 15.9761 0.3589 0.5149 -0.01 0 0
37.1056 5.6344 15.9761 0.3589 0.5149 -0.01 0 0
37.1056 1.6012 15.9761 0.359 0.5715 -0.01 0 0
37.1056 1.6012 28.1202 0.1887 0.5715 -0.01 0 0
37.4039 5.807 15.9761 0.5396 0.6872 0 -0.01 0
37.4039 5.807 28.1202 0.3692 0.6872 0 -0.01 0
37.1056 5.807 28.1202 0.3693 0.683 0 -0.01 0
37.1056 5.807 28.1202 0.3693 0.683 0 -0.01 0
37.1056 5.807 15.9761 0.5396 0.683 -0.01 0 0
37.4039 5.807 15.9761 0.5396 0.6872 0 -0.01 0
