Vertex Count: 768

Data:

0.18024 0.382683 0.906127 0.181111 0.478458 -0.1804 -0.3805 -0.907
0.191342 0.19509 0.96194 0.112274 0.473492 -0.1914 -0.1939 -0.9622
0 0.19509 0.980785 0.113919 0.545434 -0 -0.1939 -0.981
0.191342 0.19509 0.96194 0.112274 0.473492 -0.1914 -0.1939 -0.9622
0.19509 -0 0.980785 0.034192 0.467388 -0.1941 -0.098 -0.9761
1e-06 -0 0.999999 0.033951 0.553424 -0 -0.098 -0.9952
-0 1 -0 0.487394 0.50177 -0 -1 0
0.03806 0.980785 0.191342 0.44144 0.49793 -0.0392 -0.9796 -0.1971
0 0.980785 0.19509 0.441573 0.506954 -0 -0.9796 -0.201
0.03806 0.980785 0.191342 0.44144 0.49793 -0.0392 -0.9796 -0.1971
0.074658 0.92388 0.37533 0.39504 0.4942 -0.0757 -0.9217 -0.3804
0 0.92388 0.382683 0.395324 0.512303 -0 -0.9217 -0.3879
0.074658 0.92388 0.37533 0.39504 0.4942 -0.0757 -0.9217 -0.3804
0.108386 0.83147 0.544895 0.347085 0.490504 -0.1092 -0.8286 -0.549
0 0.83147 0.55557 0.347533 0.51795 -0 -0.8286 -0.5598
0.108386 0.83147 0.544895 0.347085 0.490504 -0.1092 -0.8286 -0.549
0.13795 0.707107 0.69352 0.296415 0.486743 -0.1385 -0.7041 -0.6965
0 0.707107 0.707107 0.297033 0.524003 -0 -0.7041 -0.7101
0.13795 0.707107 0.69352 0.296415 0.486743 -0.1385 -0.7041 -0.6965
0.162212 0.55557 0.815493 0.241669 0.482786 -0.1626 -0.5528 -0.8173
0 0.55557 0.83147 0.242446 0.530568 -0 -0.5528 -0.8333
0.162212 0.55557 0.815493 0.241669 0.482786 -0.1626 -0.5528 -0.8173
0.18024 0.382683 0.906127 0.181111 0.478458 -0.1804 -0.3805 -0.907
0 0.382683 0.92388 0.182061 0.537731 -0 -0.3805 -0.9248
0.270598 0.707107 0.653281 0.30293 0.450072 -0.2718 -0.7041 -0.6561
0.31819 0.55557 0.768178 0.249944 0.435765 -0.3189 -0.5528 -0.7699
0.162212 0.55557 0.815493 0.241669 0.482786 -0.1626 -0.5528 -0.8173
0.31819 0.55557 0.768178 0.249944 0.435765 -0.3189 -0.5528 -0.7699
0.353553 0.382683 0.853553 0.191287 0.42013 -0.3539 -0.3805 -0.8544
0.18024 0.382683 0.906127 0.181111 0.478458 -0.1804 -0.3805 -0.907
0.353553 0.382683 0.853553 0.191287 0.42013 -0.3539 -0.3805 -0.8544
0.37533 0.19509 0.906127 0.124705 0.402612 -0.3754 -0.1939 -0.9063
0.191342 0.19509 0.96194 0.112274 0.473492 -0.1914 -0.1939 -0.9622
0.37533 0.19509 0.906127 0.124705 0.402612 -0.3754 -0.1939 -0.9063
0.382683 -0 0.923879 0.047408 0.382544 -0.3808 -0.098 -0.9194
0.19509 -0 0.980785 0.034192 0.467388 -0.1941 -0.098 -0.9761
-0 1 -0 0.487394 0.50177 -0 -1 0
0.074658 0.980785 0.18024 0.443063 0.489052 -0.0769 -0.9796 -0.1857
0.03806 0.980785 0.191342 0.44144 0.49793 -0.0392 -0.9796 -0.1971
0.074658 0.980785 0.18024 0.443063 0.489052 -0.0769 -0.9796 -0.1857
0.146447 0.92388 0.353553 0.398267 0.476384 -0.1484 -0.9217 -0.3584
0.074658 0.92388 0.37533 0.39504 0.4942 -0.0757 -0.9217 -0.3804
0.146447 0.92388 0.353553 0.398267 0.476384 -0.1484 -0.9217 -0.3584
0.212608 0.83147 0.51328 0.351929 0.463493 -0.2142 -0.8286 -0.5172
0.108386 0.83147 0.544895 0.347085 0.490504 -0.1092 -0.8286 -0.549
0.212608 0.83147 0.51328 0.351929 0.463493 -0.2142 -0.8286 -0.5172
0.270598 0.707107 0.653281 0.30293 0.450072 -0.2718 -0.7041 -0.6561
0.13795 0.707107 0.69352 0.296415 0.486743 -0.1385 -0.7041 -0.6965
0.108386 0.980785 0.162212 0.446383 0.480656 -0.1117 -0.9796 -0.1671
0.212608 0.92388 0.31819 0.404885 0.459525 -0.2155 -0.9217 -0.3225
0.146447 0.92388 0.353553 0.398267 0.476384 -0.1484 -0.9217 -0.3584
0.212608 0.92388 0.31819 0.404885 0.459525 -0.2155 -0.9217 -0.3225
0.308658 0.83147 0.46194 0.361891 0.437908 -0.311 -0.8286 -0.4654
0.212608 0.83147 0.51328 0.351929 0.463493 -0.2142 -0.8286 -0.5172
0.308658 0.83147 0.46194 0.361891 0.437908 -0.311 -0.8286 -0.4654
0.392848 0.707107 0.587938 0.316349 0.415302 -0.3945 -0.7041 -0.5905
0.270598 0.707107 0.653281 0.30293 0.450072 -0.2718 -0.7041 -0.6561
0.392848 0.707107 0.587938 0.316349 0.415302 -0.3945 -0.7041 -0.5905
0.46194 0.55557 0.691342 0.267002 0.391114 -0.463 -0.5528 -0.6929
0.31819 0.55557 0.768178 0.249944 0.435765 -0.3189 -0.5528 -0.7699
0.46194 0.55557 0.691342 0.267002 0.391114 -0.463 -0.5528 -0.6929
0.51328 0.382683 0.768178 0.212237 0.364606 -0.5138 -0.3805 -0.7689
0.353553 0.382683 0.853553 0.191287 0.42013 -0.3539 -0.3805 -0.8544
0.51328 0.382683 0.768178 0.212237 0.364606 -0.5138 -0.3805 -0.7689
0.544895 0.19509 0.815493 0.149842 0.334809 -0.545 -0.1939 -0.8157
0.37533 0.19509 0.906127 0.124705 0.402612 -0.3754 -0.1939 -0.9063
0.544895 0.19509 0.815493 0.149842 0.334809 -0.545 -0.1939 -0.8157
0.55557 -0 0.831469 0.076623 0.300294 -0.5529 -0.098 -0.8275
0.382683 -0 0.923879 0.047408 0.382544 -0.3808 -0.098 -0.9194
-0 1 -0 0.487394 0.50177 -0 -1 0
0.108386 0.980785 0.162212 0.446383 0.480656 -0.1117 -0.9796 -0.1671
0.074658 0.980785 0.18024 0.443063 0.489052 -0.0769 -0.9796 -0.1857
0.587938 0.55557 0.587938 0.292315 0.350425 -0.5893 -0.5528 -0.5893
0.653281 0.382683 0.653281 0.243423 0.313831 -0.6539 -0.3805 -0.6539
0.51328 0.382683 0.768178 0.212237 0.364606 -0.5138 -0.3805 -0.7689
0.653281 0.382683 0.653281 0.243423 0.313831 -0.6539 -0.3805 -0.6539
0.69352 0.19509 0.69352 0.187483 0.272488 -0.6937 -0.1939 -0.6937
0.544895 0.19509 0.815493 0.149842 0.334809 -0.545 -0.1939 -0.8157
0.69352 0.19509 0.69352 0.187483 0.272488 -0.6937 -0.1939 -0.6937
0.707107 -0 0.707107 0.121478 0.224212 -0.7037 -0.098 -0.7037
0.55557 -0 0.831469 0.076623 0.300294 -0.5529 -0.098 -0.8275
-0 1 -0 0.487394 0.50177 -0 -1 0
0.13795 0.980785 0.13795 0.451273 0.473063 -0.1421 -0.9796 -0.1421
0.108386 0.980785 0.162212 0.446383 0.480656 -0.1117 -0.9796 -0.1671
0.13795 0.980785 0.13795 0.451273 0.473063 -0.1421 -0.9796 -0.1421
0.270598 0.92388 0.270598 0.41465 0.444258 -0.2743 -0.9217 -0.2743
0.212608 0.92388 0.31819 0.404885 0.459525 -0.2155 -0.9217 -0.3225
0.270598 0.92388 0.270598 0.41465 0.444258 -0.2743 -0.9217 -0.2743
0.392848 0.83147 0.392847 0.376616 0.414701 -0.3958 -0.8286 -0.3958
0.308658 0.83147 0.46194 0.361891 0.437908 -0.311 -0.8286 -0.4654
0.392848 0.83147 0.392847 0.376616 0.414701 -0.3958 -0.8286 -0.3958
0.5 0.707107 0.5 0.336218 0.383698 -0.5021 -0.7041 -0.5021
0.392848 0.707107 0.587938 0.316349 0.415302 -0.3945 -0.7041 -0.5905
0.5 0.707107 0.5 0.336218 0.383698 -0.5021 -0.7041 -0.5021
0.587938 0.55557 0.587938 0.292315 0.350425 -0.5893 -0.5528 -0.5893
0.46194 0.55557 0.691342 0.267002 0.391114 -0.463 -0.5528 -0.6929
0.31819 0.92388 0.212607 0.427204 0.431161 -0.3225 -0.9217 -0.2155
0.46194 0.83147 0.308658 0.395576 0.394745 -0.4654 -0.8286 -0.311
0.392848 0.83147 0.392847 0.376616 0.414701 -0.3958 -0.8286 -0.3958
0.46194 0.83147 0.308658 0.395576 0.394745 -0.4654 -0.8286 -0.311
0.587938 0.707107 0.392847 0.361855 0.356444 -0.5905 -0.7041 -0.3945
0.5 0.707107 0.5 0.336218 0.383698 -0.5021 -0.7041 -0.5021
0.587938 0.707107 0.392847 0.361855 0.356444 -0.5905 -0.7041 -0.3945
0.691342 0.55557 0.46194 0.325062 0.315217 -0.6929 -0.5528 -0.463
0.587938 0.55557 0.587938 0.292315 0.350425 -0.5893 -0.5528 -0.5893
0.691342 0.55557 0.46194 0.325062 0.315217 -0.6929 -0.5528 -0.463
0.768178 0.382683 0.51328 0.283918 0.269724 -0.7689 -0.3805 -0.5138
0.653281 0.382683 0.653281 0.243423 0.313831 -0.6539 -0.3805 -0.6539
0.768178 0.382683 0.51328 0.283918 0.269724 -0.7689 -0.3805 -0.5138
0.815493 0.19509 0.544895 0.236642 0.218112 -0.8157 -0.1939 -0.545
0.69352 0.19509 0.69352 0.187483 0.272488 -0.6937 -0.1939 -0.6937
0.815493 0.19509 0.544895 0.236642 0.218112 -0.8157 -0.1939 -0.545
0.83147 -0 0.55557 0.180667 0.157559 -0.8275 -0.098 -0.5529
0.707107 -0 0.707107 0.121478 0.224212 -0.7037 -0.098 -0.7037
-0 1 -0 0.487394 0.50177 -0 -1 0
0.162212 0.980785 0.108386 0.457551 0.466564 -0.1671 -0.9796 -0.1117
0.13795 0.980785 0.13795 0.451273 0.473063 -0.1421 -0.9796 -0.1421
0.162212 0.980785 0.108386 0.457551 0.466564 -0.1671 -0.9796 -0.1117
0.31819 0.92388 0.212607 0.427204 0.431161 -0.3225 -0.9217 -0.2155
0.270598 0.92388 0.270598 0.41465 0.444258 -0.2743 -0.9217 -0.2743
0.853553 0.382683 0.353553 0.332382 0.234041 -0.8544 -0.3805 -0.3539
0.906127 0.19509 0.37533 0.295724 0.17392 -0.9063 -0.1939 -0.3754
0.815493 0.19509 0.544895 0.236642 0.218112 -0.8157 -0.1939 -0.545
0.906127 0.19509 0.37533 0.295724 0.17392 -0.9063 -0.1939 -0.3754
0.923879 -0 0.382683 0.252178 0.10318 -0.9194 -0.098 -0.3808
0.83147 -0 0.55557 0.180667 0.157559 -0.8275 -0.098 -0.5529
-0 1 -0 0.487394 0.50177 -0 -1 0
0.18024 0.980785 0.074658 0.464979 0.461407 -0.1857 -0.9796 -0.0769
0.162212 0.980785 0.108386 0.457551 0.466564 -0.1671 -0.9796 -0.1117
0.18024 0.980785 0.074658 0.464979 0.461407 -0.1857 -0.9796 -0.0769
0.353554 0.92388 0.146447 0.442081 0.420739 -0.3584 -0.9217 -0.1484
0.31819 0.92388 0.212607 0.427204 0.431161 -0.3225 -0.9217 -0.2155
0.353554 0.92388 0.146447 0.442081 0.420739 -0.3584 -0.9217 -0.1484
0.51328 0.83147 0.212607 0.418085 0.378808 -0.5172 -0.8286 -0.2142
0.46194 0.83147 0.308658 0.395576 0.394745 -0.4654 -0.8286 -0.311
0.51328 0.83147 0.212607 0.418085 0.378808 -0.5172 -0.8286 -0.2142
0.653281 0.707107 0.270598 0.392357 0.334593 -0.6561 -0.7041 -0.2718
0.587938 0.707107 0.392847 0.361855 0.356444 -0.5905 -0.7041 -0.3945
0.653281 0.707107 0.270598 0.392357 0.334593 -0.6561 -0.7041 -0.2718
0.768178 0.55557 0.31819 0.364125 0.286866 -0.7699 -0.5528 -0.3189
0.691342 0.55557 0.46194 0.325062 0.315217 -0.6929 -0.5528 -0.463
0.768178 0.55557 0.31819 0.364125 0.286866 -0.7699 -0.5528 -0.3189
0.853553 0.382683 0.353553 0.332382 0.234041 -0.8544 -0.3805 -0.3539
0.768178 0.382683 0.51328 0.283918 0.269724 -0.7689 -0.3805 -0.5138
0.37533 0.92388 0.074658 0.458723 0.413399 -0.3804 -0.9217 -0.0757
0.544895 0.83147 0.108386 0.443315 0.36752 -0.549 -0.8286 -0.1092
0.51328 0.83147 0.212607 0.418085 0.378808 -0.5172 -0.8286 -0.2142
0.544895 0.83147 0.108386 0.443315 0.36752 -0.549 -0.8286 -0.1092
0.69352 0.707107 0.13795 0.42662 0.319018 -0.6965 -0.7041 -0.1385
0.653281 0.707107 0.270598 0.392357 0.334593 -0.6561 -0.7041 -0.2718
0.69352 0.707107 0.13795 0.42662 0.319018 -0.6965 -0.7041 -0.1385
0.815493 0.55557 0.162212 0.408114 0.266526 -0.8173 -0.5528 -0.1626
0.768178 0.55557 0.31819 0.364125 0.286866 -0.7699 -0.5528 -0.3189
0.815493 0.55557 0.162212 0.408114 0.266526 -0.8173 -0.5528 -0.1626
0.906127 0.382683 0.18024 0.387111 0.208269 -0.907 -0.3805 -0.1804
0.853553 0.382683 0.353553 0.332382 0.234041 -0.8544 -0.3805 -0.3539
0.906127 0.382683 0.18024 0.387111 0.208269 -0.907 -0.3805 -0.1804
0.96194 0.19509 0.191342 0.362652 0.141789 -0.9622 -0.1939 -0.1914
0.906127 0.19509 0.37533 0.295724 0.17392 -0.9063 -0.1939 -0.3754
0.96194 0.19509 0.191342 0.362652 0.141789 -0.9622 -0.1939 -0.1914
0.980785 -0 0.19509 0.333445 0.063414 -0.9761 -0.098 -0.1942
0.923879 -0 0.382683 0.252178 0.10318 -0.9194 -0.098 -0.3808
-0 1 -0 0.487394 0.50177 -0 -1 0
0.191342 0.980785 0.03806 0.473276 0.457794 -0.1971 -0.9796 -0.0392
0.18024 0.980785 0.074658 0.464979 0.461407 -0.1857 -0.9796 -0.0769
0.191342 0.980785 0.03806 0.473276 0.457794 -0.1971 -0.9796 -0.0392
0.37533 0.92388 0.074658 0.458723 0.413399 -0.3804 -0.9217 -0.0757
0.353554 0.92388 0.146447 0.442081 0.420739 -0.3584 -0.9217 -0.1484
0.923879 0.382683 -0 0.446112 0.193542 -0.9248 -0.3805 0
0.980785 0.19509 -0 0.434992 0.123154 -0.981 -0.1939 0
0.96194 0.19509 0.191342 0.362652 0.141789 -0.9622 -0.1939 -0.1914
0.980785 0.19509 -0 0.434992 0.123154 -0.981 -0.1939 0
1 -0 -0 0.421483 0.040025 -0.9952 -0.098 0
0.980785 -0 0.19509 0.333445 0.063414 -0.9761 -0.098 -0.1942
-0 1 -0 0.487394 0.50177 -0 -1 0
0.19509 0.980785 -0 0.482124 0.455866 -0.201 -0.9796 0
0.191342 0.980785 0.03806 0.473276 0.457794 -0.1971 -0.9796 -0.0392
0.19509 0.980785 -0 0.482124 0.455866 -0.201 -0.9796 0
0.382684 0.92388 -0 0.476503 0.409437 -0.3879 -0.9217 0
0.37533 0.92388 0.074658 0.458723 0.413399 -0.3804 -0.9217 -0.0757
0.382684 0.92388 -0 0.476503 0.409437 -0.3879 -0.9217 0
0.55557 0.83147 -0 0.470321 0.361344 -0.5598 -0.8286 0
0.544895 0.83147 0.108386 0.443315 0.36752 -0.549 -0.8286 -0.1092
0.55557 0.83147 -0 0.470321 0.361344 -0.5598 -0.8286 0
0.707107 0.707107 -0 0.463375 0.310376 -0.7101 -0.7041 0
0.69352 0.707107 0.13795 0.42662 0.319018 -0.6965 -0.7041 -0.1385
0.707107 0.707107 -0 0.463375 0.310376 -0.7101 -0.7041 0
0.831469 0.55557 -0 0.455417 0.255074 -0.8333 -0.5528 0
0.815493 0.55557 0.162212 0.408114 0.266526 -0.8173 -0.5528 -0.1626
0.831469 0.55557 -0 0.455417 0.255074 -0.8333 -0.5528 0
0.923879 0.382683 -0 0.446112 0.193542 -0.9248 -0.3805 0
0.906127 0.382683 0.18024 0.387111 0.208269 -0.907 -0.3805 -0.1804
0.544895 0.83147 -0.108386 0.498077 0.360554 -0.549 -0.8286 0.1092
0.69352 0.707107 -0.13795 0.501233 0.309069 -0.6965 -0.7041 0.1385
0.707107 0.707107 -0 0.463375 0.310376 -0.7101 -0.7041 0
0.69352 0.707107 -0.13795 0.501233 0.309069 -0.6965 -0.7041 0.1385
0.815493 0.55557 -0.162212 0.504251 0.253067 -0.8173 -0.5528 0.1626
0.831469 0.55557 -0 0.455417 0.255074 -0.8333 -0.5528 0
0.815493 0.55557 -0.162212 0.504251 0.253067 -0.8173 -0.5528 0.1626
0.906127 0.382683 -0.18024 0.507176 0.190599 -0.907 -0.3805 0.1804
0.923879 0.382683 -0 0.446112 0.193542 -0.9248 -0.3805 0
0.906127 0.382683 -0.18024 0.507176 0.190599 -0.907 -0.3805 0.1804
0.96194 0.19509 -0.191342 0.510053 0.118958 -0.9622 -0.1939 0.1914
0.980785 0.19509 -0 0.434992 0.123154 -0.981 -0.1939 0
0.96194 0.19509 -0.191342 0.510053 0.118958 -0.9622 -0.1939 0.1914
0.980785 -0 -0.19509 0.513033 0.034156 -0.9761 -0.098 0.1942
1 -0 -0 0.421483 0.040025 -0.9952 -0.098 0
-0 1 -0 0.487394 0.50177 -0 -1 0
0.191342 0.980785 -0.03806 0.491186 0.455702 -0.1971 -0.9796 0.0392
0.19509 0.980785 -0 0.482124 0.455866 -0.201 -0.9796 0
0.191342 0.980785 -0.03806 0.491186 0.455702 -0.1971 -0.9796 0.0392
0.37533 0.92388 -0.074658 0.494741 0.40902 -0.3804 -0.9217 0.0757
0.382684 0.92388 -0 0.476503 0.409437 -0.3879 -0.9217 0
0.37533 0.92388 -0.074658 0.494741 0.40902 -0.3804 -0.9217 0.0757
0.544895 0.83147 -0.108386 0.498077 0.360554 -0.549 -0.8286 0.1092
0.55557 0.83147 -0 0.470321 0.361344 -0.5598 -0.8286 0
0.906127 0.19509 -0.37533 0.584984 0.129643 -0.9063 -0.1939 0.3754
0.923879 -0 -0.382683 0.60471 0.04632 -0.9194 -0.098 0.3808
0.980785 -0 -0.19509 0.513033 0.034156 -0.9761 -0.098 0.1942
-0 1 -0 0.487394 0.50177 -0 -1 0
0.18024 0.980785 -0.074658 0.500113 0.457312 -0.1857 -0.9796 0.0769
0.191342 0.980785 -0.03806 0.491186 0.455702 -0.1971 -0.9796 0.0392
0.18024 0.980785 -0.074658 0.500113 0.457312 -0.1857 -0.9796 0.0769
0.353553 0.92388 -0.146447 0.512736 0.41218 -0.3584 -0.9217 0.1484
0.37533 0.92388 -0.074658 0.494741 0.40902 -0.3804 -0.9217 0.0757
0.353553 0.92388 -0.146447 0.512736 0.41218 -0.3584 -0.9217 0.1484
0.51328 0.83147 -0.212608 0.525514 0.365221 -0.5172 -0.8286 0.2142
0.544895 0.83147 -0.108386 0.498077 0.360554 -0.549 -0.8286 0.1092
0.51328 0.83147 -0.212608 0.525514 0.365221 -0.5172 -0.8286 0.2142
0.653281 0.707107 -0.270598 0.538732 0.31522 -0.6561 -0.7041 0.2718
0.69352 0.707107 -0.13795 0.501233 0.309069 -0.6965 -0.7041 0.1385
0.653281 0.707107 -0.270598 0.538732 0.31522 -0.6561 -0.7041 0.2718
0.768178 0.55557 -0.31819 0.552733 0.260707 -0.7699 -0.5528 0.3189
0.815493 0.55557 -0.162212 0.504251 0.253067 -0.8173 -0.5528 0.1626
0.768178 0.55557 -0.31819 0.552733 0.260707 -0.7699 -0.5528 0.3189
0.853553 0.382683 -0.353553 0.567952 0.199749 -0.8544 -0.3805 0.3539
0.906127 0.382683 -0.18024 0.507176 0.190599 -0.907 -0.3805 0.1804
0.853553 0.382683 -0.353553 0.567952 0.199749 -0.8544 -0.3805 0.3539
0.906127 0.19509 -0.37533 0.584984 0.129643 -0.9063 -0.1939 0.3754
0.96194 0.19509 -0.191342 0.510053 0.118958 -0.9622 -0.1939 0.1914
0.46194 0.83147 -0.308658 0.551557 0.375198 -0.4654 -0.8286 0.311
0.587938 0.707107 -0.392847 0.574397 0.328661 -0.5905 -0.7041 0.3945
0.653281 0.707107 -0.270598 0.538732 0.31522 -0.6561 -0.7041 0.2718
0.587938 0.707107 -0.392847 0.574397 0.328661 -0.5905 -0.7041 0.3945
0.691341 0.55557 -0.46194 0.598942 0.277814 -0.6929 -0.5528 0.463
0.768178 0.55557 -0.31819 0.552733 0.260707 -0.7699 -0.5528 0.3189
0.691341 0.55557 -0.46194 0.598942 0.277814 -0.6929 -0.5528 0.463
0.768178 0.382683 -0.51328 0.626015 0.220844 -0.7689 -0.3805 0.5138
0.853553 0.382683 -0.353553 0.567952 0.199749 -0.8544 -0.3805 0.3539
0.768178 0.382683 -0.51328 0.626015 0.220844 -0.7689 -0.3805 0.5138
0.815493 0.19509 -0.544895 0.656808 0.155181 -0.8157 -0.1939 0.545
0.906127 0.19509 -0.37533 0.584984 0.129643 -0.9063 -0.1939 0.3754
0.815493 0.19509 -0.544895 0.656808 0.155181 -0.8157 -0.1939 0.545
0.831469 -0 -0.55557 0.693163 0.076468 -0.8275 -0.098 0.5529
0.923879 -0 -0.382683 0.60471 0.04632 -0.9194 -0.098 0.3808
-0 1 -0 0.487394 0.50177 -0 -1 0
0.162212 0.980785 -0.108386 0.508558 0.460638 -0.1671 -0.9796 0.1117
0.18024 0.980785 -0.074658 0.500113 0.457312 -0.1857 -0.9796 0.0769
0.162212 0.980785 -0.108386 0.508558 0.460638 -0.1671 -0.9796 0.1117
0.31819 0.92388 -0.212608 0.529786 0.41881 -0.3225 -0.9217 0.2155
0.353553 0.92388 -0.146447 0.512736 0.41218 -0.3584 -0.9217 0.1484
0.31819 0.92388 -0.212608 0.529786 0.41881 -0.3225 -0.9217 0.2155
0.46194 0.83147 -0.308658 0.551557 0.375198 -0.4654 -0.8286 0.311
0.51328 0.83147 -0.212608 0.525514 0.365221 -0.5172 -0.8286 0.2142
0.69352 0.19509 -0.69352 0.722188 0.195083 -0.6937 -0.1939 0.6937
0.707106 -0 -0.707107 0.775241 0.124261 -0.7037 -0.098 0.7037
0.831469 -0 -0.55557 0.693163 0.076468 -0.8275 -0.098 0.5529
-0 1 -0 0.487394 0.50177 -0 -1 0
0.13795 0.980785 -0.13795 0.516194 0.465554 -0.1421 -0.9796 0.1421
0.162212 0.980785 -0.108386 0.508558 0.460638 -0.1671 -0.9796 0.1117
0.13795 0.980785 -0.13795 0.516194 0.465554 -0.1421 -0.9796 0.1421
0.270598 0.92388 -0.270598 0.545224 0.428665 -0.2743 -0.9217 0.2743
0.31819 0.92388 -0.212608 0.529786 0.41881 -0.3225 -0.9217 0.2155
0.270598 0.92388 -0.270598 0.545224 0.428665 -0.2743 -0.9217 0.2743
0.392847 0.83147 -0.392847 0.575174 0.390125 -0.3958 -0.8286 0.3958
0.46194 0.83147 -0.308658 0.551557 0.375198 -0.4654 -0.8286 0.311
0.392847 0.83147 -0.392847 0.575174 0.390125 -0.3958 -0.8286 0.3958
0.5 0.707107 -0.5 0.606795 0.348918 -0.5021 -0.7041 0.5021
0.587938 0.707107 -0.392847 0.574397 0.328661 -0.5905 -0.7041 0.3945
0.5 0.707107 -0.5 0.606795 0.348918 -0.5021 -0.7041 0.5021
0.587938 0.55557 -0.587938 0.641003 0.303814 -0.5893 -0.5528 0.5893
0.691341 0.55557 -0.46194 0.598942 0.277814 -0.6929 -0.5528 0.463
0.587938 0.55557 -0.587938 0.641003 0.303814 -0.5893 -0.5528 0.5893
0.653281 0.382683 -0.653281 0.67898 0.253221 -0.6539 -0.3805 0.6539
0.768178 0.382683 -0.51328 0.626015 0.220844 -0.7689 -0.3805 0.5138
0.653281 0.382683 -0.653281 0.67898 0.253221 -0.6539 -0.3805 0.6539
0.69352 0.19509 -0.69352 0.722188 0.195083 -0.6937 -0.1939 0.6937
0.815493 0.19509 -0.544895 0.656808 0.155181 -0.8157 -0.1939 0.545
0.392847 0.707107 -0.587938 0.634607 0.375224 -0.3945 -0.7041 0.5905
0.46194 0.55557 -0.691342 0.677159 0.337699 -0.463 -0.5528 0.6929
0.587938 0.55557 -0.587938 0.641003 0.303814 -0.5893 -0.5528 0.5893
0.46194 0.55557 -0.691342 0.677159 0.337699 -0.463 -0.5528 0.6929
0.51328 0.382683 -0.768178 0.724626 0.295475 -0.5138 -0.3805 0.7689
0.653281 0.382683 -0.653281 0.67898 0.253221 -0.6539 -0.3805 0.6539
0.51328 0.382683 -0.768178 0.724626 0.295475 -0.5138 -0.3805 0.7689
0.544895 0.19509 -0.815493 0.779387 0.246448 -0.545 -0.1939 0.8157
0.69352 0.19509 -0.69352 0.722188 0.195083 -0.6937 -0.1939 0.6937
0.544895 0.19509 -0.815493 0.779387 0.246448 -0.545 -0.1939 0.8157
0.55557 -0 -0.831469 0.84314 0.18988 -0.5529 -0.098 0.8275
0.707106 -0 -0.707107 0.775241 0.124261 -0.7037 -0.098 0.7037
-0 1 -0 0.487394 0.50177 -0 -1 0
0.108386 0.980785 -0.162212 0.522724 0.471873 -0.1117 -0.9796 0.1671
0.13795 0.980785 -0.13795 0.516194 0.465554 -0.1421 -0.9796 0.1421
0.108386 0.980785 -0.162212 0.522724 0.471873 -0.1117 -0.9796 0.1671
0.212608 0.92388 -0.31819 0.55844 0.441369 -0.2155 -0.9217 0.3225
0.270598 0.92388 -0.270598 0.545224 0.428665 -0.2743 -0.9217 0.2743
0.212608 0.92388 -0.31819 0.55844 0.441369 -0.2155 -0.9217 0.3225
0.308658 0.83147 -0.46194 0.595419 0.409436 -0.311 -0.8286 0.4654
0.392847 0.83147 -0.392847 0.575174 0.390125 -0.3958 -0.8286 0.3958
0.308658 0.83147 -0.46194 0.595419 0.409436 -0.311 -0.8286 0.4654
0.392847 0.707107 -0.587938 0.634607 0.375224 -0.3945 -0.7041 0.5905
0.5 0.707107 -0.5 0.606795 0.348918 -0.5021 -0.7041 0.5021
0.074658 0.980785 -0.18024 0.527892 0.479351 -0.0769 -0.9796 0.1857
0.146447 0.92388 -0.353554 0.56891 0.456432 -0.1484 -0.9217 0.3584
0.212608 0.92388 -0.31819 0.55844 0.441369 -0.2155 -0.9217 0.3225
0.146447 0.92388 -0.353554 0.56891 0.456432 -0.1484 -0.9217 0.3584
0.212607 0.83147 -0.51328 0.611478 0.432381 -0.2142 -0.8286 0.5172
0.308658 0.83147 -0.46194 0.595419 0.409436 -0.311 -0.8286 0.4654
0.212607 0.83147 -0.51328 0.611478 0.432381 -0.2142 -0.8286 0.5172
0.270598 0.707107 -0.653281 0.656694 0.406556 -0.2718 -0.7041 0.6561
0.392847 0.707107 -0.587938 0.634607 0.375224 -0.3945 -0.7041 0.5905
0.270598 0.707107 -0.653281 0.656694 0.406556 -0.2718 -0.7041 0.6561
0.31819 0.55557 -0.768178 0.705902 0.378178 -0.3189 -0.5528 0.7699
0.46194 0.55557 -0.691342 0.677159 0.337699 -0.463 -0.5528 0.6929
0.31819 0.55557 -0.768178 0.705902 0.378178 -0.3189 -0.5528 0.7699
0.353553 0.382683 -0.853553 0.760877 0.346214 -0.3539 -0.3805 0.8544
0.51328 0.382683 -0.768178 0.724626 0.295475 -0.5138 -0.3805 0.7689
0.353553 0.382683 -0.853553 0.760877 0.346214 -0.3539 -0.3805 0.8544
0.37533 0.19509 -0.906127 0.824159 0.309224 -0.3754 -0.1939 0.9063
0.544895 0.19509 -0.815493 0.779387 0.246448 -0.545 -0.1939 0.8157
0.37533 0.19509 -0.906127 0.824159 0.309224 -0.3754 -0.1939 0.9063
0.382683 -0 -0.923879 0.89927 0.264782 -0.3808 -0.098 0.9194
0.55557 -0 -0.831469 0.84314 0.18988 -0.5529 -0.098 0.8275
-0 1 -0 0.487394 0.50177 -0 -1 0
0.074658 0.980785 -0.18024 0.527892 0.479351 -0.0769 -0.9796 0.1857
0.108386 0.980785 -0.162212 0.522724 0.471873 -0.1117 -0.9796 0.1671
0.162212 0.55557 -0.815493 0.726032 0.423643 -0.1626 -0.5528 0.8173
0.18024 0.382683 -0.906127 0.786266 0.403346 -0.1804 -0.3805 0.907
0.353553 0.382683 -0.853553 0.760877 0.346214 -0.3539 -0.3805 0.8544
0.18024 0.382683 -0.906127 0.786266 0.403346 -0.1804 -0.3805 0.907
0.191342 0.19509 -0.961939 0.855326 0.379974 -0.1914 -0.1939 0.9622
0.37533 0.19509 -0.906127 0.824159 0.309224 -0.3754 -0.1939 0.9063
0.191342 0.19509 -0.961939 0.855326 0.379974 -0.1914 -0.1939 0.9622
0.19509 -0 -0.980785 0.940815 0.35156 -0.1942 -0.098 0.9761
0.382683 -0 -0.923879 0.89927 0.264782 -0.3808 -0.098 0.9194
-0 1 -0 0.487394 0.50177 -0 -1 0
0.03806 0.980785 -0.191342 0.531496 0.487698 -0.0392 -0.9796 0.1971
0.074658 0.980785 -0.18024 0.527892 0.479351 -0.0769 -0.9796 0.1857
0.03806 0.980785 -0.191342 0.531496 0.487698 -0.0392 -0.9796 0.1971
0.074658 0.92388 -0.37533 0.57622 0.473264 -0.0757 -0.9217 0.3804
0.146447 0.92388 -0.353554 0.56891 0.456432 -0.1484 -0.9217 0.3584
0.074658 0.92388 -0.37533 0.57622 0.473264 -0.0757 -0.9217 0.3804
0.108386 0.83147 -0.544895 0.622703 0.458058 -0.1092 -0.8286 0.549
0.212607 0.83147 -0.51328 0.611478 0.432381 -0.2142 -0.8286 0.5172
0.108386 0.83147 -0.544895 0.622703 0.458058 -0.1092 -0.8286 0.549
0.13795 0.707107 -0.69352 0.672149 0.441676 -0.1385 -0.7041 0.6965
0.270598 0.707107 -0.653281 0.656694 0.406556 -0.2718 -0.7041 0.6561
0.13795 0.707107 -0.69352 0.672149 0.441676 -0.1385 -0.7041 0.6965
0.162212 0.55557 -0.815493 0.726032 0.423643 -0.1626 -0.5528 0.8173
0.31819 0.55557 -0.768178 0.705902 0.378178 -0.3189 -0.5528 0.7699
0 0.980785 -0.19509 0.533395 0.496589 -0 -0.9796 0.201
-0 0.92388 -0.382684 0.580081 0.491206 -0 -0.9217 0.3879
0.074658 0.92388 -0.37533 0.57622 0.473264 -0.0757 -0.9217 0.3804
-0 0.92388 -0.382684 0.580081 0.491206 -0 -0.9217 0.3879
-0 0.83147 -0.55557 0.628642 0.485447 -0 -0.8286 0.5598
0.108386 0.83147 -0.544895 0.622703 0.458058 -0.1092 -0.8286 0.549
-0 0.83147 -0.55557 0.628642 0.485447 -0 -0.8286 0.5598
0 0.707107 -0.707107 0.68034 0.479165 -0 -0.7041 0.7101
0.13795 0.707107 -0.69352 0.672149 0.441676 -0.1385 -0.7041 0.6965
0 0.707107 -0.707107 0.68034 0.479165 -0 -0.7041 0.7101
-0 0.55557 -0.831469 0.736711 0.472203 -0 -0.5528 0.8333
0.162212 0.55557 -0.815493 0.726032 0.423643 -0.1626 -0.5528 0.8173
-0 0.55557 -0.831469 0.736711 0.472203 -0 -0.5528 0.8333
0 0.382683 -0.923879 0.799794 0.464378 -0 -0.3805 0.9248
0.18024 0.382683 -0.906127 0.786266 0.403346 -0.1804 -0.3805 0.907
0 0.382683 -0.923879 0.799794 0.464378 -0 -0.3805 0.9248
-0 0.19509 -0.980785 0.872538 0.455464 -0 -0.1939 0.981
0.191342 0.19509 -0.961939 0.855326 0.379974 -0.1914 -0.1939 0.9622
-0 0.19509 -0.980785 0.872538 0.455464 -0 -0.1939 0.981
-0 -0 -0.999999 0.960036 0.446173 -0 -0.098 0.9952
0.19509 -0 -0.980785 0.940815 0.35156 -0.1942 -0.098 0.9761
-0 1 -0 0.487394 0.50177 -0 -1 0
0 0.980785 -0.19509 0.533395 0.496589 -0 -0.9796 0.201
0.03806 0.980785 -0.191342 0.531496 0.487698 -0.0392 -0.9796 0.1971
-0.162212 0.55557 -0.815493 0.737513 0.521852 0.1626 -0.5528 0.8173
-0.18024 0.382683 -0.906127 0.80078 0.526745 0.1804 -0.3805 0.907
0 0.382683 -0.923879 0.799794 0.464378 -0 -0.3805 0.9248
-0.18024 0.382683 -0.906127 0.80078 0.526745 0.1804 -0.3805 0.907
-0.191342 0.19509 -0.961939 0.873591 0.53259 0.1914 -0.1939 0.9622
-0 0.19509 -0.980785 0.872538 0.455464 -0 -0.1939 0.981
-0.191342 0.19509 -0.961939 0.873591 0.53259 0.1914 -0.1939 0.9622
-0.19509 -0 -0.980785 0.960036 0.540963 0.1942 -0.098 0.9761
-0 -0 -0.999999 0.960036 0.446173 -0 -0.098 0.9952
-0 1 -0 0.487394 0.50177 -0 -1 0
-0.03806 0.980785 -0.191342 0.533517 0.505679 0.0392 -0.9796 0.1971
0 0.980785 -0.19509 0.533395 0.496589 -0 -0.9796 0.201
-0.03806 0.980785 -0.191342 0.533517 0.505679 0.0392 -0.9796 0.1971
-0.074658 0.92388 -0.37533 0.580341 0.509552 0.0757 -0.9217 0.3804
-0 0.92388 -0.382684 0.580081 0.491206 -0 -0.9217 0.3879
-0.074658 0.92388 -0.37533 0.580341 0.509552 0.0757 -0.9217 0.3804
-0.108386 0.83147 -0.544895 0.629066 0.513458 0.1092 -0.8286 0.549
-0 0.83147 -0.55557 0.628642 0.485447 -0 -0.8286 0.5598
-0.108386 0.83147 -0.544895 0.629066 0.513458 0.1092 -0.8286 0.549
-0.13795 0.707107 -0.69352 0.680947 0.517504 0.1385 -0.7041 0.6965
0 0.707107 -0.707107 0.68034 0.479165 -0 -0.7041 0.7101
-0.13795 0.707107 -0.69352 0.680947 0.517504 0.1385 -0.7041 0.6965
-0.162212 0.55557 -0.815493 0.737513 0.521852 0.1626 -0.5528 0.8173
-0 0.55557 -0.831469 0.736711 0.472203 -0 -0.5528 0.8333
-0.146447 0.92388 -0.353553 0.576995 0.527584 0.1484 -0.9217 0.3584
-0.212608 0.83147 -0.51328 0.623968 0.540981 0.2142 -0.8286 0.5172
-0.108386 0.83147 -0.544895 0.629066 0.513458 0.1092 -0.8286 0.549
-0.212608 0.83147 -0.51328 0.623968 0.540981 0.2142 -0.8286 0.5172
-0.270598 0.707107 -0.653281 0.673976 0.555157 0.2718 -0.7041 0.6561
-0.13795 0.707107 -0.69352 0.680947 0.517504 0.1385 -0.7041 0.6965
-0.270598 0.707107 -0.653281 0.673976 0.555157 0.2718 -0.7041 0.6561
-0.318189 0.55557 -0.768177 0.728472 0.57057 0.3189 -0.5528 0.7699
-0.162212 0.55557 -0.815493 0.737513 0.521852 0.1626 -0.5528 0.8173
-0.318189 0.55557 -0.768177 0.728472 0.57057 0.3189 -0.5528 0.7699
-0.353553 0.382683 -0.853553 0.78935 0.587851 0.3539 -0.3805 0.8544
-0.18024 0.382683 -0.906127 0.80078 0.526745 0.1804 -0.3805 0.907
-0.353553 0.382683 -0.853553 0.78935 0.587851 0.3539 -0.3805 0.8544
-0.37533 0.19509 -0.906127 0.85923 0.607927 0.3754 -0.1939 0.9063
-0.191342 0.19509 -0.961939 0.873591 0.53259 0.1914 -0.1939 0.9622
-0.37533 0.19509 -0.906127 0.85923 0.607927 0.3754 -0.1939 0.9063
-0.382683 -0 -0.923879 0.941655 0.632967 0.3808 -0.098 0.9194
-0.19509 -0 -0.980785 0.960036 0.540963 0.1942 -0.098 0.9761
-0 1 -0 0.487394 0.50177 -0 -1 0
-0.074658 0.980785 -0.18024 0.531857 0.514615 0.0769 -0.9796 0.1857
-0.03806 0.980785 -0.191342 0.533517 0.505679 0.0392 -0.9796 0.1971
-0.074658 0.980785 -0.18024 0.531857 0.514615 0.0769 -0.9796 0.1857
-0.146447 0.92388 -0.353553 0.576995 0.527584 0.1484 -0.9217 0.3584
-0.074658 0.92388 -0.37533 0.580341 0.509552 0.0757 -0.9217 0.3804
-0.51328 0.382683 -0.768178 0.766142 0.645286 0.5138 -0.3805 0.7689
-0.544895 0.19509 -0.815493 0.830425 0.678585 0.545 -0.1939 0.8157
-0.37533 0.19509 -0.906127 0.85923 0.607927 0.3754 -0.1939 0.9063
-0.544895 0.19509 -0.815493 0.830425 0.678585 0.545 -0.1939 0.8157
-0.55557 -0 -0.831469 0.905924 0.719046 0.5529 -0.098 0.8275
-0.382683 -0 -0.923879 0.941655 0.632967 0.3808 -0.098 0.9194
-0 1 -0 0.487394 0.50177 -0 -1 0
-0.108386 0.980785 -0.162212 0.528481 0.523049 0.1117 -0.9796 0.1671
-0.074658 0.980785 -0.18024 0.531857 0.514615 0.0769 -0.9796 0.1857
-0.108386 0.980785 -0.162212 0.528481 0.523049 0.1117 -0.9796 0.1671
-0.212608 0.92388 -0.31819 0.570182 0.544597 0.2155 -0.9217 0.3225
-0.146447 0.92388 -0.353553 0.576995 0.527584 0.1484 -0.9217 0.3584
-0.212608 0.92388 -0.31819 0.570182 0.544597 0.2155 -0.9217 0.3225
-0.308658 0.83147 -0.46194 0.613569 0.566934 0.311 -0.8286 0.4654
-0.212608 0.83147 -0.51328 0.623968 0.540981 0.2142 -0.8286 0.5172
-0.308658 0.83147 -0.46194 0.613569 0.566934 0.311 -0.8286 0.4654
-0.392847 0.707107 -0.587938 0.659744 0.590636 0.3945 -0.7041 0.5905
-0.270598 0.707107 -0.653281 0.673976 0.555157 0.2718 -0.7041 0.6561
-0.392847 0.707107 -0.587938 0.659744 0.590636 0.3945 -0.7041 0.5905
-0.46194 0.55557 -0.691341 0.710032 0.61643 0.463 -0.5528 0.6929
-0.318189 0.55557 -0.768177 0.728472 0.57057 0.3189 -0.5528 0.7699
-0.46194 0.55557 -0.691341 0.710032 0.61643 0.463 -0.5528 0.6929
-0.51328 0.382683 -0.768178 0.766142 0.645286 0.5138 -0.3805 0.7689
-0.353553 0.382683 -0.853553 0.78935 0.587851 0.3539 -0.3805 0.8544
-0.270598 0.92388 -0.270598 0.560174 0.559931 0.2743 -0.9217 0.2743
-0.392847 0.83147 -0.392847 0.598296 0.590308 0.3958 -0.8286 0.3958
-0.308658 0.83147 -0.46194 0.613569 0.566934 0.311 -0.8286 0.4654
-0.392847 0.83147 -0.392847 0.598296 0.590308 0.3958 -0.8286 0.3958
-0.5 0.707107 -0.5 0.638852 0.622564 0.5021 -0.7041 0.5021
-0.392847 0.707107 -0.587938 0.659744 0.590636 0.3945 -0.7041 0.5905
-0.5 0.707107 -0.5 0.638852 0.622564 0.5021 -0.7041 0.5021
-0.587937 0.55557 -0.587938 0.682994 0.657659 0.5893 -0.5528 0.5893
-0.46194 0.55557 -0.691341 0.710032 0.61643 0.463 -0.5528 0.6929
-0.587937 0.55557 -0.587938 0.682994 0.657659 0.5893 -0.5528 0.5893
-0.653281 0.382683 -0.653281 0.7322 0.696861 0.6539 -0.3805 0.6539
-0.51328 0.382683 -0.768178 0.766142 0.645286 0.5138 -0.3805 0.7689
-0.653281 0.382683 -0.653281 0.7322 0.696861 0.6539 -0.3805 0.6539
-0.69352 0.19509 -0.69352 0.788495 0.741954 0.6937 -0.1939 0.6937
-0.544895 0.19509 -0.815493 0.830425 0.678585 0.545 -0.1939 0.8157
-0.69352 0.19509 -0.69352 0.788495 0.741954 0.6937 -0.1939 0.6937
-0.707106 -0 -0.707106 0.854359 0.796146 0.7037 -0.098 0.7037
-0.55557 -0 -0.831469 0.905924 0.719046 0.5529 -0.098 0.8275
-0 1 -0 0.487394 0.50177 -0 -1 0
-0.13795 0.980785 -0.13795 0.523523 0.530657 0.1421 -0.9796 0.1421
-0.108386 0.980785 -0.162212 0.528481 0.523049 0.1117 -0.9796 0.1671
-0.13795 0.980785 -0.13795 0.523523 0.530657 0.1421 -0.9796 0.1421
-0.270598 0.92388 -0.270598 0.560174 0.559931 0.2743 -0.9217 0.2743
-0.212608 0.92388 -0.31819 0.570182 0.544597 0.2155 -0.9217 0.3225
-0.768178 0.382683 -0.51328 0.688933 0.740649 0.7689 -0.3805 0.5138
-0.815493 0.19509 -0.544895 0.735169 0.79571 0.8157 -0.1939 0.545
-0.69352 0.19509 -0.69352 0.788495 0.741954 0.6937 -0.1939 0.6937
-0.815493 0.19509 -0.544895 0.735169 0.79571 0.8157 -0.1939 0.545
-0.831469 -0 -0.555569 0.78901 0.861484 0.8275 -0.098 0.5529
-0.707106 -0 -0.707106 0.854359 0.796146 0.7037 -0.098 0.7037
-0 1 -0 0.487394 0.50177 -0 -1 0
-0.162212 0.980785 -0.108386 0.517176 0.537144 0.1671 -0.9796 0.1117
-0.13795 0.980785 -0.13795 0.523523 0.530657 0.1421 -0.9796 0.1421
-0.162212 0.980785 -0.108386 0.517176 0.537144 0.1671 -0.9796 0.1117
-0.31819 0.92388 -0.212608 0.54737 0.572995 0.3225 -0.9217 0.2155
-0.270598 0.92388 -0.270598 0.560174 0.559931 0.2743 -0.9217 0.2743
-0.31819 0.92388 -0.212608 0.54737 0.572995 0.3225 -0.9217 0.2155
-0.46194 0.83147 -0.308658 0.578763 0.610205 0.4654 -0.8286 0.311
-0.392847 0.83147 -0.392847 0.598296 0.590308 0.3958 -0.8286 0.3958
-0.46194 0.83147 -0.308658 0.578763 0.610205 0.4654 -0.8286 0.311
-0.587938 0.707107 -0.392847 0.612152 0.649718 0.5905 -0.7041 0.3945
-0.5 0.707107 -0.5 0.638852 0.622564 0.5021 -0.7041 0.5021
-0.587938 0.707107 -0.392847 0.612152 0.649718 0.5905 -0.7041 0.3945
-0.691341 0.55557 -0.46194 0.648474 0.692693 0.6929 -0.5528 0.463
-0.587937 0.55557 -0.587938 0.682994 0.657659 0.5893 -0.5528 0.5893
-0.691341 0.55557 -0.46194 0.648474 0.692693 0.6929 -0.5528 0.463
-0.768178 0.382683 -0.51328 0.688933 0.740649 0.7689 -0.3805 0.5138
-0.653281 0.382683 -0.653281 0.7322 0.696861 0.6539 -0.3805 0.6539
-0.51328 0.83147 -0.212607 0.555748 0.625866 0.5172 -0.8286 0.2142
-0.653281 0.707107 -0.270598 0.580709 0.671072 0.6561 -0.7041 0.2718
-0.587938 0.707107 -0.392847 0.612152 0.649718 0.5905 -0.7041 0.3945
-0.653281 0.707107 -0.270598 0.580709 0.671072 0.6561 -0.7041 0.2718
-0.768177 0.55557 -0.31819 0.607856 0.72022 0.7699 -0.5528 0.3189
-0.691341 0.55557 -0.46194 0.648474 0.692693 0.6929 -0.5528 0.463
-0.768177 0.55557 -0.31819 0.607856 0.72022 0.7699 -0.5528 0.3189
-0.853553 0.382683 -0.353553 0.638071 0.775028 0.8544 -0.3805 0.3539
-0.768178 0.382683 -0.51328 0.688933 0.740649 0.7689 -0.3805 0.5138
-0.853553 0.382683 -0.353553 0.638071 0.775028 0.8544 -0.3805 0.3539
-0.906127 0.19509 -0.37533 0.672557 0.837888 0.9063 -0.1939 0.3754
-0.815493 0.19509 -0.544895 0.735169 0.79571 0.8157 -0.1939 0.545
-0.906127 0.19509 -0.37533 0.672557 0.837888 0.9063 -0.1939 0.3754
-0.923879 -0 -0.382683 0.712419 0.912684 0.9194 -0.098 0.3808
-0.831469 -0 -0.555569 0.78901 0.861484 0.8275 -0.098 0.5529
-0 1 -0 0.487394 0.50177 -0 -1 0
-0.18024 0.980785 -0.074658 0.50969 0.542263 0.1857 -0.9796 0.0769
-0.162212 0.980785 -0.108386 0.517176 0.537144 0.1671 -0.9796 0.1117
-0.18024 0.980785 -0.074658 0.50969 0.542263 0.1857 -0.9796 0.0769
-0.353553 0.92388 -0.146447 0.532274 0.583289 0.3584 -0.9217 0.1484
-0.31819 0.92388 -0.212608 0.54737 0.572995 0.3225 -0.9217 0.2155
-0.353553 0.92388 -0.146447 0.532274 0.583289 0.3584 -0.9217 0.1484
-0.51328 0.83147 -0.212607 0.555748 0.625866 0.5172 -0.8286 0.2142
-0.46194 0.83147 -0.308658 0.578763 0.610205 0.4654 -0.8286 0.311
-0.961939 0.19509 -0.191342 0.603098 0.866954 0.9622 -0.1939 0.1914
-0.980784 -0 -0.19509 0.62754 0.947883 0.9761 -0.098 0.1942
-0.923879 -0 -0.382683 0.712419 0.912684 0.9194 -0.098 0.3808
-0 1 -0 0.487394 0.50177 -0 -1 0
-0.191342 0.980785 -0.03806 0.501353 0.545818 0.1971 -0.9796 0.0392
-0.18024 0.980785 -0.074658 0.50969 0.542263 0.1857 -0.9796 0.0769
-0.191342 0.980785 -0.03806 0.501353 0.545818 0.1971 -0.9796 0.0392
-0.37533 0.92388 -0.074658 0.515476 0.590425 0.3804 -0.9217 0.0757
-0.353553 0.92388 -0.146447 0.532274 0.583289 0.3584 -0.9217 0.1484
-0.37533 0.92388 -0.074658 0.515476 0.590425 0.3804 -0.9217 0.0757
-0.544895 0.83147 -0.108386 0.530153 0.636705 0.549 -0.8286 0.1092
-0.51328 0.83147 -0.212607 0.555748 0.625866 0.5172 -0.8286 0.2142
-0.544895 0.83147 -0.108386 0.530153 0.636705 0.549 -0.8286 0.1092
-0.69352 0.707107 -0.13795 0.545764 0.685831 0.6965 -0.7041 0.1385
-0.653281 0.707107 -0.270598 0.580709 0.671072 0.6561 -0.7041 0.2718
-0.69352 0.707107 -0.13795 0.545764 0.685831 0.6965 -0.7041 0.1385
-0.815493 0.55557 -0.162212 0.562738 0.739226 0.8173 -0.5528 0.1626
-0.768177 0.55557 -0.31819 0.607856 0.72022 0.7699 -0.5528 0.3189
-0.815493 0.55557 -0.162212 0.562738 0.739226 0.8173 -0.5528 0.1626
-0.906127 0.382683 -0.18024 0.581611 0.798741 0.907 -0.3805 0.1804
-0.853553 0.382683 -0.353553 0.638071 0.775028 0.8544 -0.3805 0.3539
-0.906127 0.382683 -0.18024 0.581611 0.798741 0.907 -0.3805 0.1804
-0.961939 0.19509 -0.191342 0.603098 0.866954 0.9622 -0.1939 0.1914
-0.906127 0.19509 -0.37533 0.672557 0.837888 0.9063 -0.1939 0.3754
-0.707107 0.707107 -0 0.508681 0.693461 0.7101 -0.7041 0
-0.831469 0.55557 -0 0.514881 0.749025 0.8333 -0.5528 0
-0.815493 0.55557 -0.162212 0.562738 0.739226 0.8173 -0.5528 0.1626
-0.831469 0.55557 -0 0.514881 0.749025 0.8333 -0.5528 0
-0.923879 0.382683 -0 0.521747 0.810938 0.9248 -0.3805 0
-0.906127 0.382683 -0.18024 0.581611 0.798741 0.907 -0.3805 0.1804
-0.923879 0.382683 -0 0.521747 0.810938 0.9248 -0.3805 0
-0.980785 0.19509 0 0.529479 0.881864 0.981 -0.1939 0
-0.961939 0.19509 -0.191342 0.603098 0.866954 0.9622 -0.1939 0.1914
-0.980785 0.19509 0 0.529479 0.881864 0.981 -0.1939 0
-0.999999 -0 0 0.537637 0.96581 0.9952 -0.098 0
-0.980784 -0 -0.19509 0.62754 0.947883 0.9761 -0.098 0.1942
-0 1 -0 0.487394 0.50177 -0 -1 0
-0.19509 0.980785 -0 0.492489 0.547676 0.201 -0.9796 0
-0.191342 0.980785 -0.03806 0.501353 0.545818 0.1971 -0.9796 0.0392
-0.19509 0.980785 -0 0.492489 0.547676 0.201 -0.9796 0
-0.382683 0.92388 -0 0.497629 0.594138 0.3879 -0.9217 0
-0.37533 0.92388 -0.074658 0.515476 0.590425 0.3804 -0.9217 0.0757
-0.382683 0.92388 -0 0.497629 0.594138 0.3879 -0.9217 0
-0.55557 0.83147 0 0.502978 0.642324 0.5598 -0.8286 0
-0.544895 0.83147 -0.108386 0.530153 0.636705 0.549 -0.8286 0.1092
-0.55557 0.83147 0 0.502978 0.642324 0.5598 -0.8286 0
-0.707107 0.707107 -0 0.508681 0.693461 0.7101 -0.7041 0
-0.69352 0.707107 -0.13795 0.545764 0.685831 0.6965 -0.7041 0.1385
-0 1 -0 0.487394 0.50177 -0 -1 0
-0.191342 0.980785 0.03806 0.48344 0.54777 0.1971 -0.9796 -0.0392
-0.19509 0.980785 -0 0.492489 0.547676 0.201 -0.9796 0
-0.191342 0.980785 0.03806 0.48344 0.54777 0.1971 -0.9796 -0.0392
-0.37533 0.92388 0.074658 0.479423 0.594297 0.3804 -0.9217 -0.0757
-0.382683 0.92388 -0 0.497629 0.594138 0.3879 -0.9217 0
-0.37533 0.92388 0.074658 0.479423 0.594297 0.3804 -0.9217 -0.0757
-0.544895 0.83147 0.108386 0.475275 0.642529 0.549 -0.8286 -0.1092
-0.55557 0.83147 0 0.502978 0.642324 0.5598 -0.8286 0
-0.544895 0.83147 0.108386 0.475275 0.642529 0.549 -0.8286 -0.1092
-0.69352 0.707107 0.13795 0.470895 0.693701 0.6965 -0.7041 -0.1385
-0.707107 0.707107 -0 0.508681 0.693461 0.7101 -0.7041 0
-0.69352 0.707107 0.13795 0.470895 0.693701 0.6965 -0.7041 -0.1385
-0.815493 0.55557 0.162212 0.466138 0.749288 0.8173 -0.5528 -0.1626
-0.831469 0.55557 -0 0.514881 0.749025 0.8333 -0.5528 0
-0.815493 0.55557 0.162212 0.466138 0.749288 0.8173 -0.5528 -0.1626
-0.906127 0.382683 0.18024 0.460793 0.811208 0.907 -0.3805 -0.1804
-0.923879 0.382683 -0 0.521747 0.810938 0.9248 -0.3805 0
-0.906127 0.382683 0.18024 0.460793 0.811208 0.907 -0.3805 -0.1804
-0.961939 0.19509 0.191342 0.454539 0.882112 0.9622 -0.1939 -0.1914
-0.980785 0.19509 0 0.529479 0.881864 0.981 -0.1939 0
-0.961939 0.19509 0.191342 0.454539 0.882112 0.9622 -0.1939 -0.1914
-0.980784 -0 0.195091 0.446166 0.965844 0.9761 -0.098 -0.1942
-0.999999 -0 0 0.537637 0.96581 0.9952 -0.098 0
-0.653281 0.707107 0.270598 0.433864 0.686578 0.6561 -0.7041 -0.2718
-0.768177 0.55557 0.318189 0.418388 0.740053 0.7699 -0.5528 -0.3189
-0.815493 0.55557 0.162212 0.466138 0.749288 0.8173 -0.5528 -0.1626
-0.768177 0.55557 0.318189 0.418388 0.740053 0.7699 -0.5528 -0.3189
-0.853553 0.382683 0.353553 0.401099 0.799598 0.8544 -0.3805 -0.3539
-0.906127 0.382683 0.18024 0.460793 0.811208 0.907 -0.3805 -0.1804
-0.853553 0.382683 0.353553 0.401099 0.799598 0.8544 -0.3805 -0.3539
-0.906127 0.19509 0.37533 0.381163 0.867751 0.9063 -0.1939 -0.3754
-0.961939 0.19509 0.191342 0.454539 0.882112 0.9622 -0.1939 -0.1914
-0.906127 0.19509 0.37533 0.381163 0.867751 0.9063 -0.1939 -0.3754
-0.923878 -0 0.382683 0.356645 0.948046 0.9194 -0.098 -0.3808
-0.980784 -0 0.195091 0.446166 0.965844 0.9761 -0.098 -0.1942
-0 1 -0 0.487394 0.50177 -0 -1 0
-0.18024 0.980785 0.074658 0.474553 0.546098 0.1857 -0.9796 -0.0769
-0.191342 0.980785 0.03806 0.48344 0.54777 0.1971 -0.9796 -0.0392
-0.18024 0.980785 0.074658 0.474553 0.546098 0.1857 -0.9796 -0.0769
-0.353553 0.92388 0.146447 0.461558 0.590907 0.3584 -0.9217 -0.1484
-0.37533 0.92388 0.074658 0.479423 0.594297 0.3804 -0.9217 -0.0757
-0.353553 0.92388 0.146447 0.461558 0.590907 0.3584 -0.9217 -0.1484
-0.51328 0.83147 0.212607 0.44811 0.637337 0.5172 -0.8286 -0.2142
-0.544895 0.83147 0.108386 0.475275 0.642529 0.549 -0.8286 -0.1092
-0.51328 0.83147 0.212607 0.44811 0.637337 0.5172 -0.8286 -0.2142
-0.653281 0.707107 0.270598 0.433864 0.686578 0.6561 -0.7041 -0.2718
-0.69352 0.707107 0.13795 0.470895 0.693701 0.6965 -0.7041 -0.1385
-0.162212 0.980785 0.108386 0.466168 0.54273 0.1671 -0.9796 -0.1117
-0.318189 0.92388 0.212607 0.444717 0.584111 0.3225 -0.9217 -0.2155
-0.353553 0.92388 0.146447 0.461558 0.590907 0.3584 -0.9217 -0.1484
-0.318189 0.92388 0.212607 0.444717 0.584111 0.3225 -0.9217 -0.2155
-0.461939 0.83147 0.308658 0.422521 0.626969 0.4654 -0.8286 -0.311
-0.51328 0.83147 0.212607 0.44811 0.637337 0.5172 -0.8286 -0.2142
-0.461939 0.83147 0.308658 0.422521 0.626969 0.4654 -0.8286 -0.311
-0.587938 0.707107 0.392847 0.399005 0.672404 0.5905 -0.7041 -0.3945
-0.653281 0.707107 0.270598 0.433864 0.686578 0.6561 -0.7041 -0.2718
-0.587938 0.707107 0.392847 0.399005 0.672404 0.5905 -0.7041 -0.3945
-0.691341 0.55557 0.461939 0.373462 0.721723 0.6929 -0.5528 -0.463
-0.768177 0.55557 0.318189 0.418388 0.740053 0.7699 -0.5528 -0.3189
-0.691341 0.55557 0.461939 0.373462 0.721723 0.6929 -0.5528 -0.463
-0.768177 0.382683 0.51328 0.344958 0.776614 0.7689 -0.3805 -0.5138
-0.853553 0.382683 0.353553 0.401099 0.799598 0.8544 -0.3805 -0.3539
-0.768177 0.382683 0.51328 0.344958 0.776614 0.7689 -0.3805 -0.5138
-0.815493 0.19509 0.544895 0.312175 0.839397 0.8157 -0.1939 -0.545
-0.906127 0.19509 0.37533 0.381163 0.867751 0.9063 -0.1939 -0.3754
-0.815493 0.19509 0.544895 0.312175 0.839397 0.8157 -0.1939 -0.545
-0.831469 -0 0.55557 0.272523 0.913157 0.8275 -0.098 -0.5529
-0.923878 -0 0.382683 0.356645 0.948046 0.9194 -0.098 -0.3808
-0 1 -0 0.487394 0.50177 -0 -1 0
-0.162212 0.980785 0.108386 0.466168 0.54273 0.1671 -0.9796 -0.1117
-0.18024 0.980785 0.074658 0.474553 0.546098 0.1857 -0.9796 -0.0769
-0.587937 0.55557 0.587937 0.333073 0.695057 0.5893 -0.5528 -0.5893
-0.653281 0.382683 0.653281 0.294517 0.743206 0.6539 -0.3805 -0.6539
-0.768177 0.382683 0.51328 0.344958 0.776614 0.7689 -0.3805 -0.5138
-0.653281 0.382683 0.653281 0.294517 0.743206 0.6539 -0.3805 -0.6539
-0.693519 0.19509 0.69352 0.250226 0.798217 0.6937 -0.1939 -0.6937
-0.815493 0.19509 0.544895 0.312175 0.839397 0.8157 -0.1939 -0.545
-0.693519 0.19509 0.69352 0.250226 0.798217 0.6937 -0.1939 -0.6937
-0.707106 -0 0.707106 0.197056 0.862586 0.7037 -0.098 -0.7037
-0.831469 -0 0.55557 0.272523 0.913157 0.8275 -0.098 -0.5529
-0 1 -0 0.487394 0.50177 -0 -1 0
-0.13795 0.980785 0.13795 0.458604 0.537797 0.1421 -0.9796 -0.1421
-0.162212 0.980785 0.108386 0.466168 0.54273 0.1671 -0.9796 -0.1117
-0.13795 0.980785 0.13795 0.458604 0.537797 0.1421 -0.9796 -0.1421
-0.270598 0.92388 0.270598 0.429539 0.574181 0.2743 -0.9217 -0.2743
-0.318189 0.92388 0.212607 0.444717 0.584111 0.3225 -0.9217 -0.2155
-0.270598 0.92388 0.270598 0.429539 0.574181 0.2743 -0.9217 -0.2743
-0.392847 0.83147 0.392847 0.39948 0.611848 0.3958 -0.8286 -0.3958
-0.461939 0.83147 0.308658 0.422521 0.626969 0.4654 -0.8286 -0.311
-0.392847 0.83147 0.392847 0.39948 0.611848 0.3958 -0.8286 -0.3958
-0.5 0.707107 0.5 0.367643 0.65176 0.5021 -0.7041 -0.5021
-0.587938 0.707107 0.392847 0.399005 0.672404 0.5905 -0.7041 -0.3945
-0.5 0.707107 0.5 0.367643 0.65176 0.5021 -0.7041 -0.5021
-0.587937 0.55557 0.587937 0.333073 0.695057 0.5893 -0.5528 -0.5893
-0.691341 0.55557 0.461939 0.373462 0.721723 0.6929 -0.5528 -0.463
-0.108386 0.980785 0.162212 0.452149 0.531491 0.1117 -0.9796 -0.1671
-0.212607 0.92388 0.318189 0.416596 0.561506 0.2155 -0.9217 -0.3225
-0.270598 0.92388 0.270598 0.429539 0.574181 0.2743 -0.9217 -0.2743
-0.212607 0.92388 0.318189 0.416596 0.561506 0.2155 -0.9217 -0.3225
-0.308658 0.83147 0.461939 0.379851 0.592573 0.311 -0.8286 -0.4654
-0.392847 0.83147 0.392847 0.39948 0.611848 0.3958 -0.8286 -0.3958
-0.308658 0.83147 0.461939 0.379851 0.592573 0.311 -0.8286 -0.4654
-0.392847 0.707107 0.587937 0.340957 0.625475 0.3945 -0.7041 -0.5905
-0.5 0.707107 0.5 0.367643 0.65176 0.5021 -0.7041 -0.5021
-0.392847 0.707107 0.587937 0.340957 0.625475 0.3945 -0.7041 -0.5905
-0.461939 0.55557 0.691341 0.298746 0.661135 0.463 -0.5528 -0.6929
-0.587937 0.55557 0.587937 0.333073 0.695057 0.5893 -0.5528 -0.5893
-0.461939 0.55557 0.691341 0.298746 0.661135 0.463 -0.5528 -0.6929
-0.51328 0.382683 0.768177 0.251694 0.700734 0.5138 -0.3805 -0.7689
-0.653281 0.382683 0.653281 0.294517 0.743206 0.6539 -0.3805 -0.6539
-0.51328 0.382683 0.768177 0.251694 0.700734 0.5138 -0.3805 -0.7689
-0.544895 0.19509 0.815493 0.197684 0.745892 0.545 -0.1939 -0.8157
-0.693519 0.19509 0.69352 0.250226 0.798217 0.6937 -0.1939 -0.6937
-0.544895 0.19509 0.815493 0.197684 0.745892 0.545 -0.1939 -0.8157
-0.555569 -0 0.831469 0.13319 0.798363 0.5529 -0.098 -0.8275
-0.707106 -0 0.707106 0.197056 0.862586 0.7037 -0.098 -0.7037
-0 1 -0 0.487394 0.50177 -0 -1 0
-0.108386 0.980785 0.162212 0.452149 0.531491 0.1117 -0.9796 -0.1671
-0.13795 0.980785 0.13795 0.458604 0.537797 0.1421 -0.9796 -0.1421
-0.318189 0.55557 0.768177 0.271755 0.621319 0.3189 -0.5528 -0.7699
-0.353553 0.382683 0.853553 0.218091 0.650923 0.3539 -0.3805 -0.8544
-0.51328 0.382683 0.768177 0.251694 0.700734 0.5138 -0.3805 -0.7689
-0.353553 0.382683 0.853553 0.218091 0.650923 0.3539 -0.3805 -0.8544
-0.37533 0.19509 0.906127 0.15651 0.684582 0.3754 -0.1939 -0.9063
-0.544895 0.19509 0.815493 0.197684 0.745892 0.545 -0.1939 -0.8157
-0.37533 0.19509 0.906127 0.15651 0.684582 0.3754 -0.1939 -0.9063
-0.382683 -0 0.923879 0.083468 0.723105 0.3808 -0.098 -0.9194
-0.555569 -0 0.831469 0.13319 0.798363 0.5529 -0.098 -0.8275
-0 1 -0 0.487394 0.50177 -0 -1 0
-0.074658 0.980785 0.18024 0.447045 0.524053 0.0769 -0.9796 -0.1857
-0.108386 0.980785 0.162212 0.452149 0.531491 0.1117 -0.9796 -0.1671
-0.074658 0.980785 0.18024 0.447045 0.524053 0.0769 -0.9796 -0.1857
-0.146446 0.92388 0.353553 0.40637 0.546575 0.1484 -0.9217 -0.3584
-0.212607 0.92388 0.318189 0.416596 0.561506 0.2155 -0.9217 -0.3225
-0.146446 0.92388 0.353553 0.40637 0.546575 0.1484 -0.9217 -0.3584
-0.212607 0.83147 0.513279 0.364361 0.569898 0.2142 -0.8286 -0.5172
-0.308658 0.83147 0.461939 0.379851 0.592573 0.311 -0.8286 -0.4654
-0.212607 0.83147 0.513279 0.364361 0.569898 0.2142 -0.8286 -0.5172
-0.270598 0.707107 0.653281 0.31993 0.594591 0.2718 -0.7041 -0.6561
-0.392847 0.707107 0.587937 0.340957 0.625475 0.3945 -0.7041 -0.5905
-0.270598 0.707107 0.653281 0.31993 0.594591 0.2718 -0.7041 -0.6561
-0.318189 0.55557 0.768177 0.271755 0.621319 0.3189 -0.5528 -0.7699
-0.461939 0.55557 0.691341 0.298746 0.661135 0.463 -0.5528 -0.6929
-0.074658 0.92388 0.37533 0.399238 0.529962 0.0757 -0.9217 -0.3804
-0.108386 0.83147 0.544895 0.35357 0.544696 0.1092 -0.8286 -0.549
-0.212607 0.83147 0.513279 0.364361 0.569898 0.2142 -0.8286 -0.5172
-0.108386 0.83147 0.544895 0.35357 0.544696 0.1092 -0.8286 -0.549
-0.13795 0.707107 0.69352 0.305312 0.560312 0.1385 -0.7041 -0.6965
-0.270598 0.707107 0.653281 0.31993 0.594591 0.2718 -0.7041 -0.6561
-0.13795 0.707107 0.69352 0.305312 0.560312 0.1385 -0.7041 -0.6965
-0.162212 0.55557 0.815493 0.25306 0.577193 0.1626 -0.5528 -0.8173
-0.318189 0.55557 0.768177 0.271755 0.621319 0.3189 -0.5528 -0.7699
-0.162212 0.55557 0.815493 0.25306 0.577193 0.1626 -0.5528 -0.8173
-0.18024 0.382683 0.906127 0.194944 0.595813 0.1804 -0.3805 -0.907
-0.353553 0.382683 0.853553 0.218091 0.650923 0.3539 -0.3805 -0.8544
-0.18024 0.382683 0.906127 0.194944 0.595813 0.1804 -0.3805 -0.907
-0.191341 0.19509 0.961939 0.128063 0.616848 0.1914 -0.1939 -0.9622
-0.37533 0.19509 0.906127 0.15651 0.684582 0.3754 -0.1939 -0.9063
-0.191341 0.19509 0.961939 0.128063 0.616848 0.1914 -0.1939 -0.9622
-0.19509 -0 0.980784 0.049971 0.640009 0.1942 -0.098 -0.9761
-0.382683 -0 0.923879 0.083468 0.723105 0.3808 -0.098 -0.9194
-0 1 -0 0.487394 0.50177 -0 -1 0
-0.03806 0.980785 0.191342 0.443485 0.515769 0.0392 -0.9796 -0.1971
-0.074658 0.980785 0.18024 0.447045 0.524053 0.0769 -0.9796 -0.1857
-0.03806 0.980785 0.191342 0.443485 0.515769 0.0392 -0.9796 -0.1971
-0.074658 0.92388 0.37533 0.399238 0.529962 0.0757 -0.9217 -0.3804
-0.146446 0.92388 0.353553 0.40637 0.546575 0.1484 -0.9217 -0.3584
0 0.382683 0.92388 0.182061 0.537731 -0 -0.3805 -0.9248
0 0.19509 0.980785 0.113919 0.545434 -0 -0.1939 -0.981
-0.191341 0.19509 0.961939 0.128063 0.616848 0.1914 -0.1939 -0.9622
0 0.19509 0.980785 0.113919 0.545434 -0 -0.1939 -0.981
1e-06 -0 0.999999 0.033951 0.553424 -0 -0.098 -0.9952
-0.19509 -0 0.980784 0.049971 0.640009 0.1942 -0.098 -0.9761
-0 1 -0 0.487394 0.50177 -0 -1 0
0 0.980785 0.19509 0.441573 0.506954 -0 -0.9796 -0.201
-0.03806 0.980785 0.191342 0.443485 0.515769 0.0392 -0.9796 -0.1971
0 0.980785 0.19509 0.441573 0.506954 -0 -0.9796 -0.201
0 0.92388 0.382683 0.395324 0.512303 -0 -0.9217 -0.3879
-0.074658 0.92388 0.37533 0.399238 0.529962 0.0757 -0.9217 -0.3804
0 0.92388 0.382683 0.395324 0.512303 -0 -0.9217 -0.3879
0 0.83147 0.55557 0.347533 0.51795 -0 -0.8286 -0.5598
-0.108386 0.83147 0.544895 0.35357 0.544696 0.1092 -0.8286 -0.549
0 0.83147 0.55557 0.347533 0.51795 -0 -0.8286 -0.5598
0 0.707107 0.707107 0.297033 0.524003 -0 -0.7041 -0.7101
-0.13795 0.707107 0.69352 0.305312 0.560312 0.1385 -0.7041 -0.6965
0 0.707107 0.707107 0.297033 0.524003 -0 -0.7041 -0.7101
0 0.55557 0.83147 0.242446 0.530568 -0 -0.5528 -0.8333
-0.162212 0.55557 0.815493 0.25306 0.577193 0.1626 -0.5528 -0.8173
0 0.55557 0.83147 0.242446 0.530568 -0 -0.5528 -0.8333
0 0.382683 0.92388 0.182061 0.537731 -0 -0.3805 -0.9248
-0.18024 0.382683 0.906127 0.194944 0.595813 0.1804 -0.3805 -0.907
