Vertex Count: 96

Data:

40.9068 19.6304 16.9078 0.25 0.75 -1 -0 0
40.9068 19.4823 16.7674 0 1 -1 -0 0
40.9068 19.4823 16.9078 0 0.75 -1 -0 0
40.9068 19.4823 16.7674 0 1 -1 -0 0
40.9068 19.6304 16.9078 0.25 0.75 -1 -0 0
40.9068 19.6304 16.7674 0.25 1 -1 -0 0
40.9068 19.7785 16.9078 0.5 0.75 -1 -0 0
40.9068 19.6304 16.7674 0.25 1 -1 -0 0
40.9068 19.6304 16.9078 0.25 0.75 -1 -0 0
40.9068 19.6304 16.7674 0.25 1 -1 -0 0
40.9068 19.7785 16.9078 0.5 0.75 -1 -0 0
40.9068 19.7785 16.7674 0.5 1 -1 -0 0
40.9068 19.9266 16.9078 0.75 0.75 -1 -0 0
40.9068 19.7785 16.7674 0.5 1 -1 -0 0
40.9068 19.7785 16.9078 0.5 0.75 -1 -0 0
40.9068 19.7785 16.7674 0.5 1 -1 -0 0
40.9068 19.9266 16.9078 0.75 0.75 -1 -0 0
40.9068 19.9266 16.7674 0.75 1 -1 -0 0
40.9068 20.0746 16.9078 1 0.75 -1 -0 0
40.9068 19.9266 16.7674 0.75 1 -1 -0 0
40.9068 19.9266 16.9078 0.75 0.75 -1 -0 0
40.9068 19.9266 16.7674 0.75 1 -1 -0 0
40.9068 20.0746 16.9078 1 0.75 -1 -0 0
40.9068 20.0746 16.7674 1 1 -1 -0 0
40.9068 19.6304 17.0482 0.25 0.5 -1 -0 0
40.9068 19.4823 16.9078 0 0.75 -1 -0 0
40.9068 19.4823 17.0482 0 0.5 -1 -0 0
40.9068 19.4823 16.9078 0 0.75 -1 -0 0
40.9068 19.6304 17.0482 0.25 0.5 -1 -0 0
40.9068 19.6304 16.9078 0.25 0.75 -1 -0 0
40.9068 19.7785 17.0482 0.5 0.5 -1 -0 0
40.9068 19.6304 16.9078 0.25 0.75 -1 -0 0
40.9068 19.6304 17.0482 0.25 0.5 -1 -0 0
40.9068 19.6304 16.9078 0.25 0.75 -1 -0 0
40.9068 19.7785 17.0482 0.5 0.5 -1 -0 0
40.9068 19.7785 16.9078 0.5 0.75 -1 -0 0
40.9068 19.9266 17.0482 0.75 0.5 -1 -0 0
40.9068 19.7785 16.9078 0.5 0.75 -1 -0 0
40.9068 19.7785 17.0482 0.5 0.5 -1 -0 0
40.9068 19.7785 16.9078 0.5 0.75 -1 -0 0
40.9068 19.9266 17.0482 0.75 0.5 -1 -0 0
40.9068 19.9266 16.9078 0.75 0.75 -1 -0 0
40.9068 20.0746 17.0482 1 0.5 -1 -0 0
40.9068 19.9266 16.9078 0.75 0.75 -1 -0 0
40.9068 19.9266 17.0482 0.75 0.5 -1 -0 0
40.9068 19.9266 16.9078 0.75 0.75 -1 -0 0
40.9068 20.0746 17.0482 1 0.5 -1 -0 0
40.9068 20.0746 16.9078 1 0.75 -1 -0 0
40.9068 19.6304 17.1886 0.25 0.25 -1 -0 0
40.9068 19.4823 17.0482 0 0.5 -1 -0 0
40.9068 19.4823 17.1886 0 0.25 -1 -0 0
40.9068 19.4823 17.0482 0 0.5 -1 -0 0
40.9068 19.6304 17.1886 0.25 0.25 -1 -0 0
40.9068 19.6304 17.0482 0.25 0.5 -1 -0 0
40.9068 19.7785 17.1886 0.5 0.25 -1 -0 0
40.9068 19.6304 17.0482 0.25 0.5 -1 -0 0
40.9068 19.6304 17.1886 0.25 0.25 -1 -0 0
40.9068 19.6304 17.0482 0.25 0.5 -1 -0 0
40.9068 19.7785 17.1886 0.5 0.25 -1 -0 0
40.9068 19.7785 17.0482 0.5 0.5 -1 -0 0
40.9068 19.9266 17.1886 0.75 0.25 -1 -0 0
40.9068 19.7785 17.0482 0.5 0.5 -1 -0 0
40.9068 19.7785 17.1886 0.5 0.25 -1 -0 0
40.9068 19.7785 17.0482 0.5 0.5 -1 -0 0
40.9068 19.9266 17.1886 0.75 0.25 -1 -0 0
40.9068 19.9266 17.0482 0.75 0.5 -1 -0 0
40.9068 20.0746 17.1886 1 0.25 -1 -0 0
40.9068 19.9266 17.0482 0.75 0.5 -1 -0 0
40.9068 19.9266 17.1886 0.75 0.25 -1 -0 0
40.9068 19.9266 17.0482 0.75 0.5 -1 -0 0
40.9068 20.0746 17.1886 1 0.25 -1 -0 0
40.9068 20.0746 17.0482 1 0.5 -1 -0 0
40.9068 19.6304 17.3291 0.25 0 -1 -0 0
40.9068 19.4823 17.1886 0 0.25 -1 -0 0
40.9068 19.4823 17.3291 0 0 -1 -0 0
40.9068 19.4823 17.1886 0 0.25 -1 -0 0
40.9068 19.6304 17.3291 0.25 0 -1 -0 0
40.9068 19.6304 17.1886 0.25 0.25 -1 -0 0
40.9068 19.7785 17.3291 0.5 0 -1 -0 0
40.9068 19.6304 17.1886 0.25 0.25 -1 -0 0
40.9068 19.6304 17.3291 0.25 0 -1 -0 0
40.9068 19.6304 17.1886 0.25 0.25 -1 -0 0
40.9068 19.7785 17.3291 0.5 0 -1 -0 0
40.9068 19.7785 17.1886 0.5 0.25 -1 -0 0
40.9068 19.9266 17.3291 0.75 0 -1 -0 0
40.9068 19.7785 17.1886 0.5 0.25 -1 -0 0
40.9068 19.7785 17.3291 0.5 0 -1 -0 0
40.9068 19.7785 17.1886 0.5 0.25 -1 -0 0
40.9068 19.9266 17.3291 0.75 0 -1 -0 0
40.9068 19.9266 17.1886 0.75 0.25 -1 -0 0
40.9068 20.0746 17.3291 1 0 -1 -0 0
40.9068 19.9266 17.1886 0.75 0.25 -1 -0 0
40.9068 19.9266 17.3291 0.75 0 -1 -0 0
40.9068 19.9266 17.1886 0.75 0.25 -1 -0 0
40.9068 20.0746 17.3291 1 0 -1 -0 0
40.9068 20.0746 17.1886 1 0.25 -1 -0 0
